1738336106.054000, 268564697, 288243592101958912.000000, 0
1738336106.154000, 268564697, 288243592101958912.000000, 0
1738336106.254000, 268564697, 288243592101958912.000000, 0
1738336106.354000, 268564697, 288243592101958912.000000, 0
1738336106.454000, 268564697, 288243592101958912.000000, 0
1738336106.554000, 268564697, 288243592101958912.000000, 0
1738336106.654000, 268564697, 288243592101958912.000000, 0
1738336106.754000, 268564697, 288243592118736128.000000, 0
1738336106.854000, 268564697, 288243592101958912.000000, 0
1738336106.953990, 268564697, 288243592101958912.000000, 0
1738336107.053990, 268564697, 288243592101958656.000000, 0
1738336107.153990, 268564697, 288243592101958656.000000, 0
1738336107.253990, 268564697, 288243592101958656.000000, 0
1738336107.353990, 268564697, 288243592101958912.000000, 0
1738336107.453990, 268564697, 288243592101958912.000000, 0
1738336107.553990, 268564697, 288243592101958912.000000, 0
1738336107.653990, 268564697, 288243592101958912.000000, 0
1738336107.753990, 268564697, 288243592101958912.000000, 0
1738336107.853990, 268564697, 288243592101958912.000000, 0
1738336107.953990, 268564697, 288243592101958912.000000, 0
1738336108.053990, 268564697, 288243592101958912.000000, 0
1738336108.153980, 268564697, 288243592101958656.000000, 0
1738336108.253980, 268564697, 288243592101958912.000000, 0
1738336108.353980, 268564697, 288243592101958912.000000, 0
1738336108.453980, 268564697, 288243592101958912.000000, 0
1738336108.553980, 268564697, 288243592101958912.000000, 0
1738336108.653980, 268564697, 288243592101958912.000000, 0
1738336108.753980, 268564697, 288243592101958912.000000, 0
1738336108.853980, 268564697, 288243592101958912.000000, 0
1738336108.953980, 268564697, 288243592101958912.000000, 0
1738336109.053980, 268564697, 288243592101958912.000000, 0
1738336109.153980, 268564697, 288243592101958912.000000, 0
1738336109.253970, 268564697, 288243592101958912.000000, 0
1738336109.353970, 268564697, 288243592101958912.000000, 0
1738336109.453970, 268564697, 288243592101958912.000000, 0
1738336109.553970, 268564697, 288243592101958912.000000, 0
1738336109.653970, 268564697, 288243592101958912.000000, 0
1738336109.753970, 268564697, 288243592101958656.000000, 0
1738336109.853970, 268564697, 288243592101958912.000000, 0
1738336109.953970, 268564697, 288243592101958912.000000, 0
1738336110.053970, 268564697, 288243592101958912.000000, 0
1738336110.153970, 268564697, 288243592101958912.000000, 0
1738336110.253970, 268564697, 288243592101958912.000000, 0
1738336110.353970, 268564697, 288243592101958912.000000, 0
1738336110.453970, 268564697, 288243592101958912.000000, 0
1738336110.553970, 268564697, 288243592101958912.000000, 0
1738336110.653960, 268564697, 288243592101958912.000000, 0
1738336110.753960, 268564697, 288243592101958912.000000, 0
1738336110.853960, 268564697, 288243592101958912.000000, 0
1738336110.953960, 268564697, 288243592101958912.000000, 0
1738336111.053960, 268564697, 288243592101958912.000000, 0
1738336111.153960, 268564697, 288243592101958912.000000, 0
1738336111.253960, 268564697, 288243592101958912.000000, 0
1738336111.353960, 268564697, 288243592101958656.000000, 0
1738336111.453960, 268564697, 288243592101958912.000000, 0
1738336111.553960, 268564697, 288243592101958912.000000, 0
1738336111.653960, 268564697, 288243592101958912.000000, 0
1738336111.753960, 268564697, 288243592101958912.000000, 0
1738336111.853960, 268564697, 288243592101958912.000000, 0
1738336111.953960, 268564697, 288243592101958912.000000, 0
1738336112.053950, 268564697, 288243592101958912.000000, 0
1738336112.153950, 268564697, 288243592101958912.000000, 0
1738336112.253950, 268564697, 288243592101958912.000000, 0
1738336112.353950, 268564697, 288243592101958912.000000, 0
1738336112.453950, 268564697, 288243592101958656.000000, 0
1738336112.553950, 268564697, 288243592101958912.000000, 0
1738336112.653950, 268564697, 288243592101958912.000000, 0
1738336112.753950, 268564697, 288243592101958912.000000, 0
1738336112.853950, 268564697, 288243592101958912.000000, 0
1738336112.953950, 268564697, 288243592101958912.000000, 0
1738336113.053940, 268564697, 288243592101958912.000000, 0
1738336113.153940, 268564697, 288243592101958912.000000, 0
1738336113.253940, 268564697, 288243592101958656.000000, 0
1738336113.353940, 268564697, 288243592101958656.000000, 0
1738336113.453940, 268564697, 288243592101958656.000000, 0
1738336113.553940, 268564697, 288243592118736128.000000, 0
1738336113.653940, 268564697, 288243592101958912.000000, 0
1738336113.753940, 268564697, 288243592101958912.000000, 0
1738336113.853940, 268564697, 288243592101958912.000000, 0
1738336113.953940, 268564697, 288243592101958912.000000, 0
1738336114.053940, 268564697, 288243592101958912.000000, 0
1738336114.153940, 268564697, 288243592101958912.000000, 0
1738336114.253940, 268564697, 288243592101958912.000000, 0
1738336114.353940, 268564697, 288243592101958912.000000, 0
1738336114.453930, 268564697, 288243592101958912.000000, 0
1738336114.553930, 268564697, 288243592101958912.000000, 0
1738336114.653930, 268564697, 288243592118736128.000000, 0
1738336114.753930, 268564697, 288243592101958912.000000, 0
1738336114.853930, 268564697, 288243592101958912.000000, 0
1738336114.953930, 268564697, 288243592101958656.000000, 0
1738336115.053930, 268564697, 288243592101958656.000000, 0
1738336115.153930, 268564697, 288243592118736128.000000, 0
1738336115.253930, 268564697, 288243592101958912.000000, 0
1738336115.353930, 268564697, 288243592101958912.000000, 0
1738336115.453930, 268564697, 288243592101958912.000000, 0
1738336115.553920, 268564697, 288243592101958912.000000, 0
1738336115.653920, 268564697, 288243592101958912.000000, 0
1738336115.753920, 268564697, 288243592101958912.000000, 0
1738336115.853920, 268564697, 288243592101958912.000000, 0
1738336115.953920, 268564697, 288243592101958912.000000, 0
1738336116.053920, 268564697, 288243592101958656.000000, 0
1738336116.153920, 268564697, 288243592101958912.000000, 0
1738336116.253920, 268564697, 288243592101958912.000000, 0
1738336116.353920, 268564697, 288243592101958912.000000, 0
1738336116.453920, 268564697, 288243592101958912.000000, 0
1738336116.553920, 268564697, 288243592101958656.000000, 0
1738336116.653920, 268564697, 288243592101958656.000000, 0
1738336116.753920, 268564697, 288243592101958912.000000, 0
1738336116.853910, 268564697, 288243592101958912.000000, 0
1738336116.953910, 268564697, 288243592101958912.000000, 0
1738336117.053910, 268564697, 288243592101958912.000000, 0
1738336117.153910, 268564697, 288243592101958912.000000, 0
1738336117.253910, 268564697, 288243592101958912.000000, 0
1738336117.353910, 268564697, 288243592101958912.000000, 0
1738336117.453910, 268564697, 288243592101958912.000000, 0
1738336117.553910, 268564697, 288243592101958912.000000, 0
1738336117.653910, 268564697, 288243592101958656.000000, 0
1738336117.753910, 268564697, 288243592101958912.000000, 0
1738336117.853910, 268564697, 288243592101958912.000000, 0
1738336117.953910, 268564697, 288243592101958912.000000, 0
1738336118.053910, 268564697, 288243592101958912.000000, 0
1738336118.153900, 268564697, 288243592101958656.000000, 0
1738336118.253900, 268564697, 288243592101958912.000000, 0
1738336118.353900, 268564697, 288243592101958912.000000, 0
1738336118.453900, 268564697, 288243592101958912.000000, 0
1738336118.553900, 268564697, 288243592101958912.000000, 0
1738336118.653900, 268564697, 288243592101958912.000000, 0
1738336118.753900, 268564697, 288243592101958912.000000, 0
1738336118.853900, 268564697, 288243592101958912.000000, 0
1738336118.953900, 268564697, 288243592101958912.000000, 0
1738336119.053900, 268564697, 288243592101958912.000000, 0
1738336119.153900, 268564697, 288243592101958912.000000, 0
1738336119.253900, 268564697, 288243592101958656.000000, 0
1738336119.353890, 268564697, 288243592101958912.000000, 0
1738336119.453890, 268564697, 288243592101958912.000000, 0
1738336119.553890, 268564697, 288243592101958912.000000, 0
1738336119.653890, 268564697, 288243592101958912.000000, 0
1738336119.753890, 268564697, 288243592101958912.000000, 0
1738336119.853890, 268564697, 288243592118736128.000000, 0
1738336119.953890, 268564697, 288243592101958912.000000, 0
1738336120.053890, 268564697, 288243592101958912.000000, 0
1738336120.153890, 268564697, 288243592101958912.000000, 0
1738336120.253890, 268564697, 288243592101958912.000000, 0
1738336120.353890, 268564697, 288243592101958912.000000, 0
1738336120.453890, 268564697, 288243592101958912.000000, 0
1738336120.553890, 268564697, 288243592101958912.000000, 0
1738336120.653880, 268564697, 288243592101958912.000000, 0
1738336120.753880, 268564697, 288243592101958912.000000, 0
1738336120.853880, 268564697, 288243592101958912.000000, 0
1738336120.953880, 268564697, 288243592101958912.000000, 0
1738336121.053880, 268564697, 288243592101958912.000000, 0
1738336121.153880, 268564697, 288243592101958912.000000, 0
1738336121.253880, 268564697, 288243592101958656.000000, 0
1738336121.353880, 268564697, 288243592101958912.000000, 0
1738336121.453880, 268564697, 288243592118736128.000000, 0
1738336121.553880, 268564697, 288243592101958912.000000, 0
1738336121.653880, 268564697, 288243592101958912.000000, 0
1738336121.753880, 268564697, 288243592101958912.000000, 0
1738336121.853880, 268564697, 288243592101958912.000000, 0
1738336121.953870, 268564697, 288243592101958912.000000, 0
1738336122.053870, 268564697, 288243592101958912.000000, 0
1738336122.153870, 268564697, 288243592101958912.000000, 0
1738336122.253870, 268564697, 288243592101958912.000000, 0
1738336122.353870, 268564697, 288243592101958912.000000, 0
1738336122.453870, 268564697, 288243592101958912.000000, 0
1738336122.553870, 268564697, 288243592101958912.000000, 0
1738336122.653870, 268564697, 288243592101958912.000000, 0
1738336122.753870, 268564697, 288243592101958912.000000, 0
1738336122.853870, 268564697, 288243592101958656.000000, 0
1738336122.953870, 268564697, 288243592101958912.000000, 0
1738336123.053870, 268564697, 288243592118736128.000000, 0
1738336123.153860, 268564697, 288243592101958912.000000, 0
1738336123.253860, 268564697, 288243592101958912.000000, 0
1738336123.353860, 268564697, 288243592101958912.000000, 0
1738336123.453860, 268564697, 288243592101958912.000000, 0
1738336123.553860, 268564697, 288243592101958912.000000, 0
1738336123.653860, 268564697, 288243592101958912.000000, 0
1738336123.753860, 268564697, 288243592101958912.000000, 0
1738336123.853860, 268564697, 288243592101958912.000000, 0
1738336123.953860, 268564697, 288243592101958656.000000, 0
1738336124.053860, 268564697, 288243592101958912.000000, 0
1738336124.153860, 268564697, 288243592101958912.000000, 0
1738336124.253860, 268564697, 288243592101958912.000000, 0
1738336124.353850, 268564697, 288243592101958912.000000, 0
1738336124.453850, 268564697, 288243592101958656.000000, 0
1738336124.553850, 268564697, 288243592101958912.000000, 0
1738336124.653850, 268564697, 288243592101958912.000000, 0
1738336124.753850, 268564697, 288243592101958912.000000, 0
1738336124.853850, 268564697, 288243592101958912.000000, 0
1738336124.953850, 268564697, 288243592101958912.000000, 0
1738336125.053850, 268564697, 288243592101958912.000000, 0
1738336125.153850, 268564697, 288243592101958912.000000, 0
1738336125.253850, 268564697, 288243592101958912.000000, 0
1738336125.353850, 268564697, 288243592101958912.000000, 0
1738336125.453850, 268564697, 288243592101958656.000000, 0
1738336125.553850, 268564697, 288243592101958656.000000, 0
1738336125.653850, 268564697, 288243592101958912.000000, 0
1738336125.753850, 268564697, 288243592118736128.000000, 0
1738336125.853840, 268564697, 288243592101958912.000000, 0
1738336125.953840, 268564697, 288243592101958912.000000, 0
1738336126.053840, 268564697, 288243592101958912.000000, 0
1738336126.153840, 268564697, 288243592101958912.000000, 0
1738336126.253840, 268564697, 288243592101958912.000000, 0
1738336126.353840, 268564697, 288243592101958912.000000, 0
1738336126.453840, 268564697, 288243592101958912.000000, 0
1738336126.553840, 268564697, 288243592101958912.000000, 0
1738336126.653840, 268564697, 288243592101958912.000000, 0
1738336126.753840, 268564697, 288243592101958912.000000, 0
1738336126.853840, 268564697, 288243592101958912.000000, 0
1738336126.953830, 268564697, 288243592101958912.000000, 0
1738336127.053830, 268564697, 288243592101958656.000000, 0
1738336127.153830, 268564697, 288243592101958656.000000, 0
1738336127.253830, 268564697, 288243592101958912.000000, 0
1738336127.353830, 268564697, 288243592101958912.000000, 0
1738336127.453830, 268564697, 288243592101958912.000000, 0
1738336127.553830, 268564697, 288243592101958912.000000, 0
1738336127.653830, 268564697, 288243592101958912.000000, 0
1738336127.753830, 268564697, 288243592101958912.000000, 0
1738336127.853830, 268564697, 288243592101958912.000000, 0
1738336127.953830, 268564697, 288243592101958912.000000, 0
1738336128.053830, 268564697, 288243592101958912.000000, 0
1738336128.153820, 268564697, 288243592101958912.000000, 0
1738336128.253820, 268564697, 288243592101958912.000000, 0
1738336128.353820, 268564697, 288243592101958912.000000, 0
1738336128.453820, 268564697, 288243592101958912.000000, 0
1738336128.553820, 268564697, 288243592101958912.000000, 0
1738336128.653820, 268564697, 288243592101958912.000000, 0
1738336128.753820, 268564697, 288243592101958912.000000, 0
1738336128.853820, 268564697, 288243592101958912.000000, 0
1738336128.953820, 268564697, 288243592101958912.000000, 0
1738336129.053820, 268564697, 288243592101958656.000000, 0
1738336129.153820, 268564697, 288243592101958656.000000, 0
1738336129.253820, 268564697, 288243592101958912.000000, 0
1738336129.353820, 268564697, 288243592118736128.000000, 0
1738336129.453820, 268564697, 288243592101958912.000000, 0
1738336129.553810, 268564697, 288243592101958912.000000, 0
1738336129.653810, 268564697, 288243592101958912.000000, 0
1738336129.753810, 268564697, 288243592101958912.000000, 0
1738336129.853810, 268564697, 288243592101958912.000000, 0
1738336129.953810, 268564697, 288243592101958912.000000, 0
1738336130.053810, 268564697, 288243592101958912.000000, 0
1738336130.153810, 268564697, 288243592101958912.000000, 0
1738336130.253810, 268564697, 288243592101958912.000000, 0
1738336130.353810, 268564697, 288243592101958912.000000, 0
1738336130.453810, 268564697, 288243592101958912.000000, 0
1738336130.553810, 268564697, 288243592101958912.000000, 0
1738336130.653810, 268564697, 288243592101958656.000000, 0
1738336130.753800, 268564697, 288243592101958656.000000, 0
1738336130.853800, 268564697, 288243592101958912.000000, 0
1738336130.953810, 268564697, 288243592118736128.000000, 0
1738336131.053800, 268564697, 288243592101958912.000000, 0
1738336131.153800, 268564697, 288243592101958912.000000, 0
1738336131.253800, 268564697, 288243592101958912.000000, 0
1738336131.353800, 268564697, 288243592101958912.000000, 0
1738336131.453800, 268564697, 288243592101958912.000000, 0
1738336131.553800, 268564697, 288243592101958912.000000, 0
1738336131.653800, 268564697, 288243592101958912.000000, 0
1738336131.753800, 268564697, 288243592101958912.000000, 0
1738336131.853800, 268564697, 288243592101958912.000000, 0
1738336131.953800, 268564697, 288243592118736128.000000, 0
1738336132.053790, 268564697, 288243592101958912.000000, 0
1738336132.153790, 268564697, 288243592101958912.000000, 0
1738336132.253790, 268564697, 288243592101958656.000000, 0
1738336132.353790, 268564697, 288243592101958656.000000, 0
1738336132.453790, 268564697, 288243592101958912.000000, 0
1738336132.553790, 268564697, 288243592118736128.000000, 0
1738336132.653790, 268564697, 288243592101958912.000000, 0
1738336132.753790, 268564697, 288243592101958912.000000, 0
1738336132.853790, 268564697, 288243592101958912.000000, 0
1738336132.953790, 268564697, 288243592101958912.000000, 0
1738336133.053790, 268564697, 288243592101958912.000000, 0
1738336133.153790, 268564697, 288243592101958912.000000, 0
1738336133.253780, 268564697, 288243592101958912.000000, 0
1738336133.353780, 268564697, 288243592101958912.000000, 0
1738336133.453780, 268564697, 288243592101958912.000000, 0
1738336133.553780, 268564697, 288243592118736128.000000, 0
1738336133.653780, 268564697, 288243592118736128.000000, 0
1738336133.753780, 268564697, 288243592101958912.000000, 0
1738336133.853780, 268564697, 288243592101958912.000000, 0
1738336133.953780, 268564697, 288243592101958912.000000, 0
1738336134.053780, 268564697, 288243592101958912.000000, 0
1738336134.153780, 268564697, 288243592101958912.000000, 0
1738336134.253780, 268564697, 288243592101958912.000000, 0
1738336134.353780, 268564697, 288243592101958912.000000, 0
1738336134.453780, 268564697, 288243592101958912.000000, 0
1738336134.553780, 268564697, 288243592101958912.000000, 0
1738336134.653770, 268564697, 288243592101958912.000000, 0
1738336134.753770, 268564697, 288243592101958912.000000, 0
1738336134.853770, 268564697, 288243592101958912.000000, 0
1738336134.953770, 268564697, 288243592101958912.000000, 0
1738336135.053770, 268564697, 288243592101958912.000000, 0
1738336135.153770, 268564697, 288243592101958912.000000, 0
1738336135.253770, 268564697, 288243592118736128.000000, 0
1738336135.353770, 268564697, 288243592101958912.000000, 0
1738336135.453770, 268564697, 288243592101958912.000000, 0
1738336135.553770, 268564697, 288243592101958912.000000, 0
1738336135.653770, 268564697, 288243592118736128.000000, 0
1738336135.753770, 268564697, 288243592101958912.000000, 0
1738336135.853760, 268564697, 288243592101958912.000000, 0
1738336135.953760, 268564697, 288243592101958912.000000, 0
1738336136.053760, 268564697, 288243592101958912.000000, 0
1738336136.153760, 268564697, 288243592101958912.000000, 0
1738336136.253760, 268564697, 288243592101958912.000000, 0
1738336136.353760, 268564697, 288243592101958912.000000, 0
1738336136.453760, 268564697, 288243592101958912.000000, 0
1738336136.553760, 268564697, 288243592101958912.000000, 0
1738336136.653760, 268564697, 288243592101958912.000000, 0
1738336136.753760, 268564697, 288243592101958912.000000, 0
1738336136.853760, 268564697, 288243592101958912.000000, 0
1738336136.953750, 268564697, 288243592101958912.000000, 0
1738336137.053750, 268564697, 288243592101958912.000000, 0
1738336137.153750, 268564697, 288243592101958912.000000, 0
1738336137.253750, 268564697, 288243592118736128.000000, 0
1738336137.353750, 268564697, 288243592101958912.000000, 0
1738336137.453750, 268564697, 288243592101958912.000000, 0
1738336137.553750, 268564697, 288243592101958912.000000, 0
1738336137.653750, 268564697, 288243592101958912.000000, 0
1738336137.753750, 268564697, 288243592101958912.000000, 0
1738336137.853750, 268564697, 288243592101958912.000000, 0
1738336137.953750, 268564697, 288243592101958912.000000, 0
1738336138.053750, 268564697, 288243592101958912.000000, 0
1738336138.153750, 268564697, 288243592101958912.000000, 0
1738336138.253750, 268564697, 288243592101958912.000000, 0
1738336138.353740, 268564697, 288243592101958912.000000, 0
1738336138.453740, 268564697, 288243592101958912.000000, 0
1738336138.553740, 268564697, 288243592101958912.000000, 0
1738336138.653740, 268564697, 288243592101958912.000000, 0
1738336138.753740, 268564697, 288243592101958912.000000, 0
1738336138.853740, 268564697, 288243592118736128.000000, 0
1738336138.953740, 268564697, 288243592101958912.000000, 0
1738336139.053740, 268564697, 288243592101958912.000000, 0
1738336139.153740, 268564697, 288243592101958912.000000, 0
1738336139.253740, 268564697, 288243592101958912.000000, 0
1738336139.353740, 268564697, 288243592101958912.000000, 0
1738336139.453730, 268564697, 288243592101958912.000000, 0
1738336139.553730, 268564697, 288243592101958912.000000, 0
1738336139.653730, 268564697, 288243592101958912.000000, 0
1738336139.753730, 268564697, 288243592101958912.000000, 0
1738336139.853730, 268564697, 288243592118736128.000000, 0
1738336139.953730, 268564697, 288243592101958912.000000, 0
1738336140.053730, 268564697, 288243592101958912.000000, 0
1738336140.153730, 268564697, 288243592101958656.000000, 0
1738336140.253730, 268564697, 288243592101958656.000000, 0
1738336140.353730, 268564697, 288243592101958912.000000, 0
1738336140.453730, 268564697, 288243592101958912.000000, 0
1738336140.553730, 268564697, 288243592101958912.000000, 0
1738336140.653730, 268564697, 288243592101958912.000000, 0
1738336140.753720, 268564697, 288243592101958912.000000, 0
1738336140.853730, 268564697, 288243592101958912.000000, 0
1738336140.953720, 268564697, 288243592101958912.000000, 0
1738336141.053720, 268564697, 288243592101958912.000000, 0
1738336141.153720, 268564697, 288243592101958656.000000, 0
1738336141.253720, 268564697, 288243592101958912.000000, 0
1738336141.353720, 268564697, 288243592101958912.000000, 0
1738336141.453720, 268564697, 288243592101958912.000000, 0
1738336141.553720, 268564697, 288243592101958912.000000, 0
1738336141.653720, 268564697, 288243592101958912.000000, 0
1738336141.753720, 268564697, 288243592101958912.000000, 0
1738336141.853720, 268564697, 288243592101958912.000000, 0
1738336141.953720, 268564697, 288243592101958912.000000, 0
1738336142.053720, 268564697, 288243592101958912.000000, 0
1738336142.153710, 268564697, 288243592101958912.000000, 0
1738336142.253710, 268564697, 288243592101958912.000000, 0
1738336142.353710, 268564697, 288243592101958912.000000, 0
1738336142.453710, 268564697, 288243592101958912.000000, 0
1738336142.553710, 268564697, 288243592101958912.000000, 0
1738336142.653710, 268564697, 288243592101958912.000000, 0
1738336142.753710, 268564697, 288243592101958656.000000, 0
1738336142.853710, 268564697, 288243592101958656.000000, 0
1738336142.953710, 268564697, 288243592101958656.000000, 0
1738336143.053710, 268564697, 288243592101958912.000000, 0
1738336143.153710, 268564697, 288243592101958912.000000, 0
1738336143.253700, 268564697, 288243592101958912.000000, 0
1738336143.353700, 268564697, 288243592101958912.000000, 0
1738336143.453700, 268564697, 288243592101958912.000000, 0
1738336143.553700, 268564697, 288243592101958912.000000, 0
1738336143.653700, 268564697, 288243592101958912.000000, 0
1738336143.753700, 268564697, 288243592101958912.000000, 0
1738336143.853700, 268564697, 288243592101958912.000000, 0
1738336143.953700, 268564697, 288243592101958912.000000, 0
1738336144.053700, 268564697, 288243592101958912.000000, 0
1738336144.153700, 268564697, 288243592101958912.000000, 0
1738336144.253700, 268564697, 288243592101958912.000000, 0
1738336144.353700, 268564697, 288243592101958656.000000, 0
1738336144.453700, 268564697, 288243592101958912.000000, 0
1738336144.553700, 268564697, 288243592101958912.000000, 0
1738336144.653690, 268564697, 288243592101958912.000000, 0
1738336144.753690, 268564697, 288243592101958912.000000, 0
1738336144.853690, 268564697, 288243592101958912.000000, 0
1738336144.953690, 268564697, 288243592101958912.000000, 0
1738336145.053690, 268564697, 288243592101958912.000000, 0
1738336145.153690, 268564697, 288243592101958912.000000, 0
1738336145.253690, 268564697, 288243592101958912.000000, 0
1738336145.353690, 268564697, 288243592101958912.000000, 0
1738336145.453690, 268564697, 288243592101958912.000000, 0
1738336145.553690, 268564697, 288243592101958912.000000, 0
1738336145.653690, 268564697, 288243592101958912.000000, 0
1738336145.753680, 268564697, 288243592101958912.000000, 0
1738336145.853680, 268564697, 288243592101958912.000000, 0
1738336145.953680, 268564697, 288243592101958912.000000, 0
1738336146.053680, 268564697, 288243592101958912.000000, 0
1738336146.153680, 268564697, 288243592101958912.000000, 0
1738336146.253680, 268564697, 288243592101958912.000000, 0
1738336146.353680, 268564697, 288243592101958656.000000, 0
1738336146.453680, 268564697, 288243592101958656.000000, 0
1738336146.553680, 268564697, 288243592101958912.000000, 0
1738336146.653680, 268564697, 288243592118736128.000000, 0
1738336146.753680, 268564697, 288243592101958912.000000, 0
1738336146.853680, 268564697, 288243592101958912.000000, 0
1738336146.953680, 268564697, 288243592101958912.000000, 0
1738336147.053680, 268564697, 288243592101958912.000000, 0
1738336147.153670, 268564697, 288243592101958912.000000, 0
1738336147.253670, 268564697, 288243592101958912.000000, 0
1738336147.353670, 268564697, 288243592101958912.000000, 0
1738336147.453670, 268564697, 288243592101958912.000000, 0
1738336147.553670, 268564697, 288243592101958912.000000, 0
1738336147.653670, 268564697, 288243592101958912.000000, 0
1738336147.753670, 268564697, 288243592101958912.000000, 0
1738336147.853670, 268564697, 288243592101958912.000000, 0
1738336147.953670, 268564697, 288243592101958656.000000, 0
1738336148.053670, 268564697, 288243592101958656.000000, 0
1738336148.153670, 268564697, 288243592101958656.000000, 0
1738336148.253670, 268564697, 288243592101958912.000000, 0
1738336148.353660, 268564697, 288243592101958912.000000, 0
1738336148.453660, 268564697, 288243592101958912.000000, 0
1738336148.553660, 268564697, 288243592101958912.000000, 0
1738336148.653660, 268564697, 288243592101958912.000000, 0
1738336148.753660, 268564697, 288243592101958912.000000, 0
1738336148.853660, 268564697, 288243592101958912.000000, 0
1738336148.953660, 268564697, 288243592101958912.000000, 0
1738336149.053660, 268564697, 288243592101958656.000000, 0
1738336149.153660, 268564697, 288243592101958912.000000, 0
1738336149.253660, 268564697, 288243592101958912.000000, 0
1738336149.353660, 268564697, 288243592101958912.000000, 0
1738336149.453660, 268564697, 288243592101958912.000000, 0
1738336149.553660, 268564697, 288243592101958656.000000, 0
1738336149.653650, 268564697, 288243592101958912.000000, 0
1738336149.753650, 268564697, 288243592101958912.000000, 0
1738336149.853650, 268564697, 288243592101958912.000000, 0
1738336149.953650, 268564697, 288243592101958912.000000, 0
1738336150.053650, 268564697, 288243592101958912.000000, 0
1738336150.153650, 268564697, 288243592101958912.000000, 0
1738336150.253650, 268564697, 288243592101958912.000000, 0
1738336150.353650, 268564697, 288243592101958912.000000, 0
1738336150.453650, 268564697, 288243592101958912.000000, 0
1738336150.553650, 268564697, 288243592101958912.000000, 0
1738336150.653650, 268564697, 288243592101958656.000000, 0
1738336150.753650, 268564697, 288243592101958912.000000, 0
1738336150.853650, 268564697, 288243592101958912.000000, 0
1738336150.953640, 268564697, 288243592101958912.000000, 0
1738336151.053640, 268564697, 288243592101958912.000000, 0
1738336151.153640, 268564697, 288243592101958912.000000, 0
1738336151.253640, 268564697, 288243592101958912.000000, 0
1738336151.353640, 268564697, 288243592101958912.000000, 0
1738336151.453640, 268564697, 288243592101958912.000000, 0
1738336151.553640, 268564697, 288243592101958912.000000, 0
1738336151.653640, 268564697, 288243592101958912.000000, 0
1738336151.753640, 268564697, 288243592101958912.000000, 0
1738336151.853640, 268564697, 288243592101958912.000000, 0
1738336151.953640, 268564697, 288243592101958912.000000, 0
1738336152.053640, 268564697, 288243592101958912.000000, 0
1738336152.153640, 268564697, 288243592101958912.000000, 0
1738336152.253630, 268564697, 288243592101958656.000000, 0
1738336152.353630, 268564697, 288243592101958912.000000, 0
1738336152.453630, 268564697, 288243592101958912.000000, 0
1738336152.553630, 268564697, 288243592101958912.000000, 0
1738336152.653630, 268564697, 288243592101958912.000000, 0
1738336152.753630, 268564697, 288243592101958912.000000, 0
1738336152.853630, 268564697, 288243592101958912.000000, 0
1738336152.953630, 268564697, 288243592101958912.000000, 0
1738336153.053630, 268564697, 288243592101958912.000000, 0
1738336153.153630, 268564697, 288243592101958912.000000, 0
1738336153.253630, 268564697, 288243592101958912.000000, 0
1738336153.353620, 268564697, 288243592101958912.000000, 0
1738336153.453620, 268564697, 288243592101958912.000000, 0
1738336153.553620, 268564697, 288243592101958912.000000, 0
1738336153.653620, 268564697, 288243592101958912.000000, 0
1738336153.753620, 268564697, 288243592101958912.000000, 0
1738336153.853620, 268564697, 288243592101958912.000000, 0
1738336153.953620, 268564697, 288243592101958912.000000, 0
1738336154.053620, 268564697, 288243592101958912.000000, 0
1738336154.153620, 268564697, 288243592101958912.000000, 0
1738336154.253620, 268564697, 288243592101958656.000000, 0
1738336154.353620, 268564697, 288243592101958912.000000, 0
1738336154.453620, 268564697, 288243592118736128.000000, 0
1738336154.553620, 268564697, 288243592101958912.000000, 0
1738336154.653620, 268564697, 288243592101958912.000000, 0
1738336154.753610, 268564697, 288243592101958912.000000, 0
1738336154.853610, 268564697, 288243592101958912.000000, 0
1738336154.953610, 268564697, 288243592101958912.000000, 0
1738336155.053610, 268564697, 288243592101958912.000000, 0
1738336155.153610, 268564697, 288243592101958912.000000, 0
1738336155.253610, 268564697, 288243592101958912.000000, 0
1738336155.353610, 268564697, 288243592101958912.000000, 0
1738336155.453610, 268564697, 288243592101958912.000000, 0
1738336155.553610, 268564697, 288243592101958912.000000, 0
1738336155.653610, 268564697, 288243592101958912.000000, 0
1738336155.753610, 268564697, 288243592101958912.000000, 0
1738336155.853600, 268564697, 288243592101958656.000000, 0
1738336155.953600, 268564697, 288243592101958912.000000, 0
1738336156.053610, 268564697, 288243592118736128.000000, 0
1738336156.153610, 268564697, 288243592118736128.000000, 0
1738336156.253600, 268564697, 288243592101958912.000000, 0
1738336156.353600, 268564697, 288243592101958912.000000, 0
1738336156.453600, 268564697, 288243592101958912.000000, 0
1738336156.553600, 268564697, 288243592101958912.000000, 0
1738336156.653600, 268564697, 288243592101958912.000000, 0
1738336156.753600, 268564697, 288243592101958912.000000, 0
1738336156.853600, 268564697, 288243592101958912.000000, 0
1738336156.953600, 268564697, 288243592101958912.000000, 0
1738336157.053600, 268564697, 288243592101958912.000000, 0
1738336157.153600, 268564697, 288243592118736128.000000, 0
1738336157.253590, 268564697, 288243592101958912.000000, 0
1738336157.353590, 268564697, 288243592101958912.000000, 0
1738336157.453590, 268564697, 288243592101958656.000000, 0
1738336157.553590, 268564697, 288243592101958912.000000, 0
1738336157.653590, 268564697, 288243592118736128.000000, 0
1738336157.753590, 268564697, 288243592101958912.000000, 0
1738336157.853590, 268564697, 288243592101958912.000000, 0
1738336157.953590, 268564697, 288243592101958912.000000, 0
1738336158.053590, 268564697, 288243592101958912.000000, 0
1738336158.153590, 268564697, 288243592101958912.000000, 0
1738336158.253590, 268564697, 288243592101958912.000000, 0
1738336158.353590, 268564697, 288243592101958912.000000, 0
1738336158.453580, 268564697, 288243592101958912.000000, 0
1738336158.553580, 268564697, 288243592101958656.000000, 0
1738336158.653580, 268564697, 288243592101958912.000000, 0
1738336158.753580, 268564697, 288243592118736128.000000, 0
1738336158.853580, 268564697, 288243592101958912.000000, 0
1738336158.953580, 268564697, 288243592101958912.000000, 0
1738336159.053580, 268564697, 288243592101958912.000000, 0
1738336159.153580, 268564697, 288243592101958912.000000, 0
1738336159.253580, 268564697, 288243592101958912.000000, 0
1738336159.353580, 268564697, 288243592101958912.000000, 0
1738336159.453580, 268564697, 288243592101958912.000000, 0
1738336159.553580, 268564697, 288243592101958912.000000, 0
1738336159.653580, 268564697, 288243592101958912.000000, 0
1738336159.753580, 268564697, 288243592118736128.000000, 0
1738336159.853570, 268564697, 288243592101958912.000000, 0
1738336159.953570, 268564697, 288243592101958912.000000, 0
1738336160.053570, 268564697, 288243592101958912.000000, 0
1738336160.153570, 268564697, 288243592101958656.000000, 0
1738336160.253570, 268564697, 288243592101958912.000000, 0
1738336160.353570, 268564697, 288243592118736128.000000, 0
1738336160.453570, 268564697, 288243592101958912.000000, 0
1738336160.553570, 268564697, 288243592101958912.000000, 0
1738336160.653570, 268564697, 288243592101958912.000000, 0
1738336160.753570, 268564697, 288243592118736128.000000, 0
1738336160.853570, 268564697, 288243592101958912.000000, 0
1738336160.953560, 268564697, 288243592101958912.000000, 0
1738336161.053560, 268564697, 288243592101958912.000000, 0
1738336161.153560, 268564697, 288243592101958912.000000, 0
1738336161.253560, 268564697, 288243592101958912.000000, 0
1738336161.353560, 268564697, 288243592101958912.000000, 0
1738336161.453560, 268564697, 288243592101958912.000000, 0
1738336161.553560, 268564697, 288243592101958912.000000, 0
1738336161.653560, 268564697, 288243592101958912.000000, 0
1738336161.753560, 268564697, 288243592101958912.000000, 0
1738336161.853560, 268564697, 288243592101958912.000000, 0
1738336161.953560, 268564697, 288243592101958912.000000, 0
1738336162.053560, 268564697, 288243592101958912.000000, 0
1738336162.153550, 268564697, 288243592101958912.000000, 0
1738336162.253550, 268564697, 288243592101958912.000000, 0
1738336162.353560, 268564697, 288243592118736128.000000, 0
1738336162.453550, 268564697, 288243592118736128.000000, 0
1738336162.553550, 268564697, 288243592101958912.000000, 0
1738336162.653550, 268564697, 288243592101958912.000000, 0
1738336162.753550, 268564697, 288243592101958912.000000, 0
1738336162.853550, 268564697, 288243592101958912.000000, 0
1738336162.953550, 268564697, 288243592101958912.000000, 0
1738336163.053550, 268564697, 288243592101958912.000000, 0
1738336163.153550, 268564697, 288243592101958912.000000, 0
1738336163.253550, 268564697, 288243592101958912.000000, 0
1738336163.353550, 268564697, 288243592101958912.000000, 0
1738336163.453550, 268564697, 288243592101958912.000000, 0
1738336163.553540, 268564697, 288243592101958912.000000, 0
1738336163.653540, 268564697, 288243592101958912.000000, 0
1738336163.753540, 268564697, 288243592101958656.000000, 0
1738336163.853540, 268564697, 288243592101958912.000000, 0
1738336163.953540, 268564697, 288243592118736128.000000, 0
1738336164.053540, 268564697, 288243592101958912.000000, 0
1738336164.153540, 268564697, 288243592101958912.000000, 0
1738336164.253540, 268564697, 288243592101958912.000000, 0
1738336164.353540, 268564697, 288243592101958912.000000, 0
1738336164.453540, 268564697, 288243592101958912.000000, 0
1738336164.553540, 268564697, 288243592101958912.000000, 0
1738336164.653540, 268564697, 288243592101958912.000000, 0
1738336164.753540, 268564697, 288243592101958912.000000, 0
1738336164.853530, 268564697, 288243592101958912.000000, 0
1738336164.953530, 268564697, 288243592101958912.000000, 0
1738336165.053530, 268564697, 288243592118736128.000000, 0
1738336165.153530, 268564697, 288243592101958912.000000, 0
1738336165.253530, 268564697, 288243592101958912.000000, 0
1738336165.353530, 268564697, 288243592101958656.000000, 0
1738336165.453530, 268564697, 288243592101958912.000000, 0
1738336165.553530, 268564697, 288243592118736128.000000, 0
1738336165.653530, 268564697, 288243592118736128.000000, 0
1738336165.753530, 268564697, 288243592101958912.000000, 0
1738336165.853530, 268564697, 288243592101958912.000000, 0
1738336165.953530, 268564697, 288243592101958912.000000, 0
1738336166.053520, 268564697, 288243592101958912.000000, 0
1738336166.153520, 268564697, 288243592101958912.000000, 0
1738336166.253520, 268564697, 288243592101958912.000000, 0
1738336166.353520, 268564697, 288243592101958912.000000, 0
1738336166.453520, 268564697, 288243592101958912.000000, 0
1738336166.553520, 268564697, 288243592101958912.000000, 0
1738336166.653520, 268564697, 288243592118736128.000000, 0
1738336166.753520, 268564697, 288243592101958912.000000, 0
1738336166.853520, 268564697, 288243592101958912.000000, 0
1738336166.953520, 268564697, 288243592101958656.000000, 0
1738336167.053520, 268564697, 288243592101958912.000000, 0
1738336167.153520, 268564697, 288243592101958912.000000, 0
1738336167.253520, 268564697, 288243592101958912.000000, 0
1738336167.353520, 268564697, 288243592101958912.000000, 0
1738336167.453510, 268564697, 288243592101958912.000000, 0
1738336167.553510, 268564697, 288243592101958912.000000, 0
1738336167.653510, 268564697, 288243592101958912.000000, 0
1738336167.753510, 268564697, 288243592101958912.000000, 0
1738336167.853510, 268564697, 288243592101958912.000000, 0
1738336167.953510, 268564697, 288243592101958912.000000, 0
1738336168.053510, 268564697, 288243592101958912.000000, 0
1738336168.153510, 268564697, 288243592118736128.000000, 0
1738336168.253510, 268564697, 288243592118736128.000000, 0
1738336168.353510, 268564697, 288243592101958912.000000, 0
1738336168.453510, 268564697, 288243592101958912.000000, 0
1738336168.553500, 268564697, 288243592101958912.000000, 0
1738336168.653500, 268564697, 288243592101958912.000000, 0
1738336168.753500, 268564697, 288243592101958912.000000, 0
1738336168.853500, 268564697, 288243592101958912.000000, 0
1738336168.953500, 268564697, 288243592101958912.000000, 0
1738336169.053500, 268564697, 288243592101958912.000000, 0
1738336169.153500, 268564697, 288243592101958912.000000, 0
1738336169.253500, 268564697, 288243592101958912.000000, 0
1738336169.353500, 268564697, 288243592101958912.000000, 0
1738336169.453500, 268564697, 288243592101958912.000000, 0
1738336169.553500, 268564697, 288243592101958912.000000, 0
1738336169.653500, 268564697, 288243592101958912.000000, 0
1738336169.753500, 268564697, 288243592101958912.000000, 0
1738336169.853500, 268564697, 288243592101958912.000000, 0
1738336169.953490, 268564697, 288243592101958912.000000, 0
1738336170.053490, 268564697, 288243592101958912.000000, 0
1738336170.153490, 268564697, 288243592101958912.000000, 0
1738336170.253490, 268564697, 288243592101958912.000000, 0
1738336170.353490, 268564697, 288243592101958912.000000, 0
1738336170.453490, 268564697, 288243592101958912.000000, 0
1738336170.553490, 268564697, 288243592101958912.000000, 0
1738336170.653490, 268564697, 288243592101958912.000000, 0
1738336170.753490, 268564697, 288243592101958912.000000, 0
1738336170.853490, 268564697, 288243592101958912.000000, 0
1738336170.953490, 268564697, 288243592101958912.000000, 0
1738336171.053490, 268564697, 288243592101958912.000000, 0
1738336171.153480, 268564697, 288243592101958912.000000, 0
1738336171.253480, 268564697, 288243592101958912.000000, 0
1738336171.353480, 268564697, 288243592101958912.000000, 0
1738336171.453480, 268564697, 288243592101958912.000000, 0
1738336171.553480, 268564697, 288243592101958912.000000, 0
1738336171.653480, 268564697, 288243592101958912.000000, 0
1738336171.753480, 268564697, 288243592101958912.000000, 0
1738336171.853480, 268564697, 288243592118736128.000000, 0
1738336171.953480, 268564697, 288243592101958912.000000, 0
1738336172.053480, 268564697, 288243592101958912.000000, 0
1738336172.153480, 268564697, 288243592101958912.000000, 0
1738336172.253480, 268564697, 288243592101958912.000000, 0
1738336172.353470, 268564697, 288243592101958912.000000, 0
1738336172.453470, 268564697, 288243592101958912.000000, 0
1738336172.553470, 268564697, 288243592101958912.000000, 0
1738336172.653470, 268564697, 288243592101958912.000000, 0
1738336172.753470, 268564697, 288243592101958912.000000, 0
1738336172.853470, 268564697, 288243592101958912.000000, 0
1738336172.953470, 268564697, 288243592101958912.000000, 0
1738336173.053470, 268564697, 288243592101958912.000000, 0
1738336173.153470, 268564697, 288243592101958912.000000, 0
1738336173.253470, 268564697, 288243592101958656.000000, 0
1738336173.353470, 268564697, 288243592101958912.000000, 0
1738336173.453470, 268564697, 288243592118736128.000000, 0
1738336173.553470, 268564697, 288243592101958912.000000, 0
1738336173.653460, 268564697, 288243592101958912.000000, 0
1738336173.753460, 268564697, 288243592101958912.000000, 0
1738336173.853460, 268564697, 288243592101958912.000000, 0
1738336173.953460, 268564697, 288243592101958912.000000, 0
1738336174.053460, 268564697, 288243592101958912.000000, 0
1738336174.153460, 268564697, 288243592101958912.000000, 0
1738336174.253460, 268564697, 288243592101958912.000000, 0
1738336174.353460, 268564697, 288243592101958912.000000, 0
1738336174.453460, 268564697, 288243592118736128.000000, 0
1738336174.553460, 268564697, 288243592118736128.000000, 0
1738336174.653460, 268564697, 288243592101958912.000000, 0
1738336174.753460, 268564697, 288243592101958912.000000, 0
1738336174.853460, 268564697, 288243592101958912.000000, 0
1738336174.953450, 268564697, 288243592101958912.000000, 0
1738336175.053460, 268564697, 288243592118736128.000000, 0
1738336175.153450, 268564697, 288243592101958912.000000, 0
1738336175.253450, 268564697, 288243592101958912.000000, 0
1738336175.353450, 268564697, 288243592101958912.000000, 0
1738336175.453450, 268564697, 288243592101958912.000000, 0
1738336175.553450, 268564697, 288243592101958912.000000, 0
1738336175.653450, 268564697, 288243592101958912.000000, 0
1738336175.753450, 268564697, 288243592101958912.000000, 0
1738336175.853450, 268564697, 288243592101958912.000000, 0
1738336175.953450, 268564697, 288243592101958912.000000, 0
1738336176.053450, 268564697, 288243592101958912.000000, 0
1738336176.153450, 268564697, 288243592118736128.000000, 0
1738336176.253440, 268564697, 288243592101958912.000000, 0
1738336176.353440, 268564697, 288243592101958912.000000, 0
1738336176.453440, 268564697, 288243592101958912.000000, 0
1738336176.553440, 268564697, 288243592101958912.000000, 0
1738336176.653440, 268564697, 288243592101958912.000000, 0
1738336176.753440, 268564697, 288243592101958912.000000, 0
1738336176.853440, 268564697, 288243592101958912.000000, 0
1738336176.953440, 268564697, 288243592101958912.000000, 0
1738336177.053440, 268564697, 288243592101958912.000000, 0
1738336177.153440, 268564697, 288243592101958912.000000, 0
1738336177.253440, 268564697, 288243592101958912.000000, 0
1738336177.353440, 268564697, 288243592101958912.000000, 0
1738336177.453440, 268564697, 288243592101958912.000000, 0
1738336177.553440, 268564697, 288243592101958912.000000, 0
1738336177.653430, 268564697, 288243592101958912.000000, 0
1738336177.753430, 268564697, 288243592101958912.000000, 0
1738336177.853430, 268564697, 288243592101958912.000000, 0
1738336177.953430, 268564697, 288243592101958912.000000, 0
1738336178.053430, 268564697, 288243592101958912.000000, 0
1738336178.153430, 268564697, 288243592101958912.000000, 0
1738336178.253430, 268564697, 288243592101958912.000000, 0
1738336178.353430, 268564697, 288243592101958912.000000, 0
1738336178.453430, 268564697, 288243592101958912.000000, 0
1738336178.553430, 268564697, 288243592101958912.000000, 0
1738336178.653430, 268564697, 288243592118736128.000000, 0
1738336178.753420, 268564697, 288243592101958912.000000, 0
1738336178.853420, 268564697, 288243592101958912.000000, 0
1738336178.953420, 268564697, 288243592101958912.000000, 0
1738336179.053420, 268564697, 288243592101958912.000000, 0
1738336179.153420, 268564697, 288243592101958912.000000, 0
1738336179.253420, 268564697, 288243592101958912.000000, 0
1738336179.353420, 268564697, 288243592101958912.000000, 0
1738336179.453420, 268564697, 288243592101958912.000000, 0
1738336179.553420, 268564697, 288243592101958912.000000, 0
1738336179.653420, 268564697, 288243592118736128.000000, 0
1738336179.753420, 268564697, 288243592118736128.000000, 0
1738336179.853420, 268564697, 288243592101958912.000000, 0
1738336179.953420, 268564697, 288243592101958912.000000, 0
1738336180.053410, 268564697, 288243592101958912.000000, 0
1738336180.153410, 268564697, 288243592101958912.000000, 0
1738336180.253410, 268564697, 288243592101958912.000000, 0
1738336180.353410, 268564697, 288243592101958912.000000, 0
1738336180.453410, 268564697, 288243592101958912.000000, 0
1738336180.553410, 268564697, 288243592101958912.000000, 0
1738336180.653410, 268564697, 288243592118736128.000000, 0
1738336180.753410, 268564697, 288243592101958912.000000, 0
1738336180.853410, 268564697, 288243592101958912.000000, 0
1738336180.953410, 268564697, 288243592101958912.000000, 0
1738336181.053410, 268564697, 288243592101958656.000000, 0
1738336181.153410, 268564697, 288243592101958656.000000, 0
1738336181.253410, 268564697, 288243592118736128.000000, 0
1738336181.353410, 268564697, 288243592118736128.000000, 0
1738336181.453400, 268564697, 288243592101958912.000000, 0
1738336181.553400, 268564697, 288243592101958912.000000, 0
1738336181.653400, 268564697, 288243592101958912.000000, 0
1738336181.753400, 268564697, 288243592101958912.000000, 0
1738336181.853400, 268564697, 288243592101958912.000000, 0
1738336181.953400, 268564697, 288243592101958912.000000, 0
1738336182.053400, 268564697, 288243592101958912.000000, 0
1738336182.153400, 268564697, 288243592101958912.000000, 0
1738336182.253400, 268564697, 288243592101958912.000000, 0
1738336182.353400, 268564697, 288243592118736128.000000, 0
1738336182.453400, 268564697, 288243592101958912.000000, 0
1738336182.553390, 268564697, 288243592101958912.000000, 0
1738336182.653390, 268564697, 288243592101958912.000000, 0
1738336182.753390, 268564697, 288243592101958912.000000, 0
1738336182.853390, 268564697, 288243592101958912.000000, 0
1738336182.953390, 268564697, 288243592101958912.000000, 0
1738336183.053390, 268564697, 288243592101958912.000000, 0
1738336183.153390, 268564697, 288243592101958912.000000, 0
1738336183.253390, 268564697, 288243592101958912.000000, 0
1738336183.353390, 268564697, 288243592101958912.000000, 0
1738336183.453390, 268564697, 288243592101958912.000000, 0
1738336183.553390, 268564697, 288243592101958912.000000, 0
1738336183.653390, 268564697, 288243592101958912.000000, 0
1738336183.753380, 268564697, 288243592101958912.000000, 0
1738336183.853390, 268564697, 288243592118736128.000000, 0
1738336183.953390, 268564697, 288243592118736128.000000, 0
1738336184.053380, 268564697, 288243592101958912.000000, 0
1738336184.153380, 268564697, 288243592101958912.000000, 0
1738336184.253380, 268564697, 288243592101958912.000000, 0
1738336184.353380, 268564697, 288243592101958912.000000, 0
1738336184.453380, 268564697, 288243592101958912.000000, 0
1738336184.553380, 268564697, 288243592101958912.000000, 0
1738336184.653380, 268564697, 288243592101958912.000000, 0
1738336184.753380, 268564697, 288243592101958912.000000, 0
1738336184.853380, 268564697, 288243592101958912.000000, 0
1738336184.953380, 268564697, 288243592118736128.000000, 0
1738336185.053380, 268564697, 288243592101958912.000000, 0
1738336185.153370, 268564697, 288243592101958912.000000, 0
1738336185.253370, 268564697, 288243592101958656.000000, 0
1738336185.353370, 268564697, 288243592101958912.000000, 0
1738336185.453370, 268564697, 288243592101958912.000000, 0
1738336185.553370, 268564697, 288243592101958912.000000, 0
1738336185.653370, 268564697, 288243592101958912.000000, 0
1738336185.753370, 268564697, 288243592101958912.000000, 0
1738336185.853370, 268564697, 288243592101958912.000000, 0
1738336185.953370, 268564697, 288243592101958912.000000, 0
1738336186.053370, 268564697, 288243592101958912.000000, 0
1738336186.153370, 268564697, 288243592101958912.000000, 0
1738336186.253370, 268564697, 288243592101958912.000000, 0
1738336186.353360, 268564697, 288243592101958912.000000, 0
1738336186.453360, 268564697, 288243592101958912.000000, 0
1738336186.553360, 268564697, 288243592118736128.000000, 0
1738336186.653360, 268564697, 288243592101958912.000000, 0
1738336186.753360, 268564697, 288243592101958912.000000, 0
1738336186.853360, 268564697, 288243592101958912.000000, 0
1738336186.953360, 268564697, 288243592101958912.000000, 0
1738336187.053360, 268564697, 288243592101958912.000000, 0
1738336187.153360, 268564697, 288243592101958912.000000, 0
1738336187.253360, 268564697, 288243592101958912.000000, 0
1738336187.353360, 268564697, 288243592101958912.000000, 0
1738336187.453360, 268564697, 288243592118736128.000000, 0
1738336187.553360, 268564697, 288243592118736128.000000, 0
1738336187.653350, 268564697, 288243592101958912.000000, 0
1738336187.753350, 268564697, 288243592101958912.000000, 0
1738336187.853350, 268564697, 288243592101958912.000000, 0
1738336187.953350, 268564697, 288243592101958912.000000, 0
1738336188.053350, 268564697, 288243592101958912.000000, 0
1738336188.153350, 268564697, 288243592101958912.000000, 0
1738336188.253350, 268564697, 288243592101958912.000000, 0
1738336188.353350, 268564697, 288243592101958912.000000, 0
1738336188.453350, 268564697, 288243592101958912.000000, 0
1738336188.553350, 268564697, 288243592118736128.000000, 0
1738336188.653350, 268564697, 288243592118736128.000000, 0
1738336188.753350, 268564697, 288243592101958912.000000, 0
1738336188.853340, 268564697, 288243592101958912.000000, 0
1738336188.953340, 268564697, 288243592101958656.000000, 0
1738336189.053340, 268564697, 288243592118736128.000000, 0
1738336189.153340, 268564697, 288243592118736128.000000, 0
1738336189.253340, 268564697, 288243592101958912.000000, 0
1738336189.353340, 268564697, 288243592101958912.000000, 0
1738336189.453340, 268564697, 288243592101958912.000000, 0
1738336189.553340, 268564697, 288243592101958912.000000, 0
1738336189.653340, 268564697, 288243592101958912.000000, 0
1738336189.753340, 268564697, 288243592101958912.000000, 0
1738336189.853340, 268564697, 288243592101958912.000000, 0
1738336189.953340, 268564697, 288243592101958912.000000, 0
1738336190.053340, 268564697, 288243592101958912.000000, 0
1738336190.153340, 268564697, 288243592118736128.000000, 0
1738336190.253330, 268564697, 288243592101958912.000000, 0
1738336190.353330, 268564697, 288243592101958912.000000, 0
1738336190.453330, 268564697, 288243592101958912.000000, 0
1738336190.553330, 268564697, 288243592101958912.000000, 0
1738336190.653330, 268564697, 288243592118736128.000000, 0
1738336190.753330, 268564697, 288243592118736128.000000, 0
1738336190.853330, 268564697, 288243592101958912.000000, 0
1738336190.953330, 268564697, 288243592101958912.000000, 0
1738336191.053330, 268564697, 288243592101958912.000000, 0
1738336191.153330, 268564697, 288243592101958912.000000, 0
1738336191.253320, 268564697, 288243592101958912.000000, 0
1738336191.353320, 268564697, 288243592101958912.000000, 0
1738336191.453320, 268564697, 288243592101958912.000000, 0
1738336191.553320, 268564697, 288243592101958656.000000, 0
1738336191.653320, 268564697, 288243592101958912.000000, 0
1738336191.753320, 268564697, 288243592118736128.000000, 0
1738336191.853320, 268564697, 288243592118736128.000000, 0
1738336191.953320, 268564697, 288243592118736128.000000, 0
1738336192.053320, 268564697, 288243592101958912.000000, 0
1738336192.153320, 268564697, 288243592101958912.000000, 0
1738336192.253320, 268564697, 288243592118736128.000000, 0
1738336192.353320, 268564697, 288243592101958912.000000, 0
1738336192.453320, 268564697, 288243592101958912.000000, 0
1738336192.553310, 268564697, 288243592101958912.000000, 0
1738336192.653310, 268564697, 288243592101958912.000000, 0
1738336192.753310, 268564697, 288243592101958912.000000, 0
1738336192.853310, 268564697, 288243592101958912.000000, 0
1738336192.953310, 268564697, 288243592101958912.000000, 0
1738336193.053310, 268564697, 288243592101958912.000000, 0
1738336193.153310, 268564697, 288243592101958656.000000, 0
1738336193.253310, 268564697, 288243592101958912.000000, 0
1738336193.353310, 268564697, 288243592118736128.000000, 0
1738336193.453310, 268564697, 288243592118736128.000000, 0
1738336193.553310, 268564697, 288243592101958912.000000, 0
1738336193.653310, 268564697, 288243592101958912.000000, 0
1738336193.753310, 268564697, 288243592118736128.000000, 0
1738336193.853310, 268564697, 288243592101958912.000000, 0
1738336193.953300, 268564697, 288243592101958912.000000, 0
1738336194.053300, 268564697, 288243592101958912.000000, 0
1738336194.153300, 268564697, 288243592101958912.000000, 0
1738336194.253300, 268564697, 288243592101958912.000000, 0
1738336194.353300, 268564697, 288243592101958912.000000, 0
1738336194.453300, 268564697, 288243592118736128.000000, 0
1738336194.553300, 268564697, 288243592101958912.000000, 0
1738336194.653300, 268564697, 288243592101958912.000000, 0
1738336194.753300, 268564697, 288243592101958912.000000, 0
1738336194.853300, 268564697, 288243592101958912.000000, 0
1738336194.953300, 268564697, 288243592101958912.000000, 0
1738336195.053290, 268564697, 288243592101958912.000000, 0
1738336195.153300, 268564697, 288243592101958912.000000, 0
1738336195.253300, 268564697, 288243592101958912.000000, 0
1738336195.353300, 268564697, 288243592118736128.000000, 0
1738336195.453290, 268564697, 288243592118736128.000000, 0
1738336195.553290, 268564697, 288243592101958912.000000, 0
1738336195.653290, 268564697, 288243592101958912.000000, 0
1738336195.753290, 268564697, 288243592101958912.000000, 0
1738336195.853290, 268564697, 288243592101958912.000000, 0
1738336195.953290, 268564697, 288243592101958912.000000, 0
1738336196.053290, 268564697, 288243592101958912.000000, 0
1738336196.153290, 268564697, 288243592101958912.000000, 0
1738336196.253290, 268564697, 288243592101958912.000000, 0
1738336196.353280, 268564697, 288243592101958912.000000, 0
1738336196.453280, 268564697, 288243592101958912.000000, 0
1738336196.553280, 268564697, 288243592101958912.000000, 0
1738336196.653280, 268564697, 288243592101958912.000000, 0
1738336196.753280, 268564697, 288243592101958912.000000, 0
1738336196.853280, 268564697, 288243592101958912.000000, 0
1738336196.953280, 268564697, 288243592118736128.000000, 0
1738336197.053280, 268564697, 288243592118736128.000000, 0
1738336197.153280, 268564697, 288243592101958912.000000, 0
1738336197.253280, 268564697, 288243592101958912.000000, 0
1738336197.353280, 268564697, 288243592101958912.000000, 0
1738336197.453280, 268564697, 288243592101958912.000000, 0
1738336197.553280, 268564697, 288243592101958912.000000, 0
1738336197.653280, 268564697, 288243592101958912.000000, 0
1738336197.753270, 268564697, 288243592101958912.000000, 0
1738336197.853270, 268564697, 288243592101958912.000000, 0
1738336197.953270, 268564697, 288243592101958912.000000, 0
1738336198.053270, 268564697, 288243592118736128.000000, 0
1738336198.153270, 268564697, 288243592101958912.000000, 0
1738336198.253270, 268564697, 288243592101958912.000000, 0
1738336198.353270, 268564697, 288243592101958912.000000, 0
1738336198.453270, 268564697, 288243592101958912.000000, 0
1738336198.553270, 268564697, 288243592118736128.000000, 0
1738336198.653270, 268564697, 288243592118736128.000000, 0
1738336198.753270, 268564697, 288243592101958912.000000, 0
1738336198.853260, 268564697, 288243592101958912.000000, 0
1738336198.953260, 268564697, 288243592101958912.000000, 0
1738336199.053260, 268564697, 288243592101958912.000000, 0
1738336199.153260, 268564697, 288243592101958912.000000, 0
1738336199.253260, 268564697, 288243592101958912.000000, 0
1738336199.353260, 268564697, 288243592101958912.000000, 0
1738336199.453260, 268564697, 288243592101958912.000000, 0
1738336199.553260, 268564697, 288243592101958912.000000, 0
1738336199.653260, 268564697, 288243592118736128.000000, 0
1738336199.753260, 268564697, 288243592118736128.000000, 0
1738336199.853260, 268564697, 288243592101958912.000000, 0
1738336199.953260, 268564697, 288243592101958656.000000, 0
1738336200.053260, 268564697, 288243592101958912.000000, 0
1738336200.153260, 268564697, 288243592101958912.000000, 0
1738336200.253260, 268564697, 288243592101958912.000000, 0
1738336200.353260, 268564697, 288243592101958912.000000, 0
1738336200.453250, 268564697, 288243592101958912.000000, 0
1738336200.553250, 268564697, 288243592101958912.000000, 0
1738336200.653250, 268564697, 288243592101958912.000000, 0
1738336200.753250, 268564697, 288243592101958912.000000, 0
1738336200.853250, 268564697, 288243592101958912.000000, 0
1738336200.953250, 268564697, 288243592101958912.000000, 0
1738336201.053250, 268564697, 288243592101958656.000000, 0
1738336201.153250, 268564697, 288243592101958912.000000, 0
1738336201.253250, 268564697, 288243592118736128.000000, 0
1738336201.353250, 268564697, 288243592101958912.000000, 0
1738336201.453250, 268564697, 288243592101958912.000000, 0
1738336201.553240, 268564697, 288243592101958912.000000, 0
1738336201.653240, 268564697, 288243592101958912.000000, 0
1738336201.753240, 268564697, 288243592101958912.000000, 0
1738336201.853240, 268564697, 288243592101958912.000000, 0
1738336201.953240, 268564697, 288243592101958912.000000, 0
1738336202.053240, 268564697, 288243592101958912.000000, 0
1738336202.153240, 268564697, 288243592101958912.000000, 0
1738336202.253240, 268564697, 288243592101958912.000000, 0
1738336202.353240, 268564697, 288243592101958912.000000, 0
1738336202.453240, 268564697, 288243592101958912.000000, 0
1738336202.553240, 268564697, 288243592101958912.000000, 0
1738336202.653230, 268564697, 288243592101958912.000000, 0
1738336202.753230, 268564697, 288243592101958912.000000, 0
1738336202.853230, 268564697, 288243592101958912.000000, 0
1738336202.953230, 268564697, 288243592101958912.000000, 0
1738336203.053230, 268564697, 288243592101958912.000000, 0
1738336203.153230, 268564697, 288243592101958912.000000, 0
1738336203.253230, 268564697, 288243592118736128.000000, 0
1738336203.353230, 268564697, 288243592101958912.000000, 0
1738336203.453230, 268564697, 288243592101958912.000000, 0
1738336203.553230, 268564697, 288243592101958912.000000, 0
1738336203.653230, 268564697, 288243592101958912.000000, 0
1738336203.753230, 268564697, 288243592101958912.000000, 0
1738336203.853230, 268564697, 288243592101958912.000000, 0
1738336203.953220, 268564697, 288243592101958912.000000, 0
1738336204.053220, 268564697, 288243592101958912.000000, 0
1738336204.153220, 268564697, 288243592101958912.000000, 0
1738336204.253220, 268564697, 288243592101958912.000000, 0
1738336204.353220, 268564697, 288243592101958912.000000, 0
1738336204.453220, 268564697, 288243592101958912.000000, 0
1738336204.553220, 268564697, 288243592101958912.000000, 0
1738336204.653220, 268564697, 288243592101958912.000000, 0
1738336204.753220, 268564697, 288243592101958912.000000, 0
1738336204.853220, 268564697, 288243592118736128.000000, 0
1738336204.953220, 268564697, 288243592118736128.000000, 0
1738336205.053220, 268564697, 288243592101958912.000000, 0
1738336205.153220, 268564697, 288243592101958912.000000, 0
1738336205.253220, 268564697, 288243592101958912.000000, 0
1738336205.353210, 268564697, 288243592101958912.000000, 0
1738336205.453210, 268564697, 288243592101958912.000000, 0
1738336205.553210, 268564697, 288243592101958912.000000, 0
1738336205.653210, 268564697, 288243592101958912.000000, 0
1738336205.753210, 268564697, 288243592101958912.000000, 0
1738336205.853210, 268564697, 288243592101958912.000000, 0
1738336205.953210, 268564697, 288243592118736128.000000, 0
1738336206.053210, 268564697, 288243592101958912.000000, 0
1738336206.153210, 268564697, 288243592101958912.000000, 0
1738336206.253210, 268564697, 288243592101958656.000000, 0
1738336206.353210, 268564697, 288243592101958912.000000, 0
1738336206.453210, 268564697, 288243592118736128.000000, 0
1738336206.553200, 268564697, 288243592101958912.000000, 0
1738336206.653200, 268564697, 288243592101958912.000000, 0
1738336206.753200, 268564697, 288243592101958912.000000, 0
1738336206.853200, 268564697, 288243592101958912.000000, 0
1738336206.953200, 268564697, 288243592101958912.000000, 0
1738336207.053200, 268564697, 288243592101958912.000000, 0
1738336207.153200, 268564697, 288243592101958912.000000, 0
1738336207.253200, 268564697, 288243592101958912.000000, 0
1738336207.353200, 268564697, 288243592101958912.000000, 0
1738336207.453200, 268564697, 288243592101958912.000000, 0
1738336207.553200, 268564697, 288243592118736128.000000, 0
1738336207.653200, 268564697, 288243592101958912.000000, 0
1738336207.753190, 268564697, 288243592101958912.000000, 0
1738336207.853190, 268564697, 288243592101958912.000000, 0
1738336207.953190, 268564697, 288243592101958912.000000, 0
1738336208.053190, 268564697, 288243592118736128.000000, 0
1738336208.153190, 268564697, 288243592101958912.000000, 0
1738336208.253190, 268564697, 288243592101958912.000000, 0
1738336208.353190, 268564697, 288243592101958912.000000, 0
1738336208.453190, 268564697, 288243592101958912.000000, 0
1738336208.553190, 268564697, 288243592101958912.000000, 0
1738336208.653190, 268564697, 288243592101958912.000000, 0
1738336208.753190, 268564697, 288243592101958912.000000, 0
1738336208.853190, 268564697, 288243592101958912.000000, 0
1738336208.953190, 268564697, 288243592101958912.000000, 0
1738336209.053190, 268564697, 288243592118736128.000000, 0
1738336209.153190, 268564697, 288243592118736128.000000, 0
1738336209.253180, 268564697, 288243592101958912.000000, 0
1738336209.353180, 268564697, 288243592101958912.000000, 0
1738336209.453180, 268564697, 288243592101958912.000000, 0
1738336209.553180, 268564697, 288243592101958912.000000, 0
1738336209.653180, 268564697, 288243592101958912.000000, 0
1738336209.753180, 268564697, 288243592101958912.000000, 0
1738336209.853180, 268564697, 288243592101958912.000000, 0
1738336209.953180, 268564697, 288243592101958912.000000, 0
1738336210.053180, 268564697, 288243592101958912.000000, 0
1738336210.153180, 268564697, 288243592101958912.000000, 0
1738336210.253180, 268564697, 288243592101958912.000000, 0
1738336210.353180, 268564697, 288243592101958912.000000, 0
1738336210.453170, 268564697, 288243592101958912.000000, 0
1738336210.553170, 268564697, 288243592101958912.000000, 0
1738336210.653170, 268564697, 288243592101958912.000000, 0
1738336210.753170, 268564697, 288243592118736128.000000, 0
1738336210.853170, 268564697, 288243592101958912.000000, 0
1738336210.953170, 268564697, 288243592101958912.000000, 0
1738336211.053170, 268564697, 288243592118736128.000000, 0
1738336211.153170, 268564697, 288243592118736128.000000, 0
1738336211.253170, 268564697, 288243592101958912.000000, 0
1738336211.353170, 268564697, 288243592101958912.000000, 0
1738336211.453170, 268564697, 288243592101958912.000000, 0
1738336211.553170, 268564697, 288243592101958912.000000, 0
1738336211.653170, 268564697, 288243592118736128.000000, 0
1738336211.753160, 268564697, 288243592101958912.000000, 0
1738336211.853160, 268564697, 288243592101958912.000000, 0
1738336211.953160, 268564697, 288243592101958912.000000, 0
1738336212.053160, 268564697, 288243592101958912.000000, 0
1738336212.153160, 268564697, 288243592101958912.000000, 0
1738336212.253160, 268564697, 288243592101958912.000000, 0
1738336212.353160, 268564697, 288243592101958912.000000, 0
1738336212.453160, 268564697, 288243592101958912.000000, 0
1738336212.553160, 268564697, 288243592101958912.000000, 0
1738336212.653160, 268564697, 288243592118736128.000000, 0
1738336212.753160, 268564697, 288243592118736128.000000, 0
1738336212.853160, 268564697, 288243592101958912.000000, 0
1738336212.953160, 268564697, 288243592101958912.000000, 0
1738336213.053150, 268564697, 288243592101958912.000000, 0
1738336213.153150, 268564697, 288243592101958912.000000, 0
1738336213.253150, 268564697, 288243592101958912.000000, 0
1738336213.353150, 268564697, 288243592101958912.000000, 0
1738336213.453150, 268564697, 288243592101958912.000000, 0
1738336213.553150, 268564697, 288243592101958912.000000, 0
1738336213.653150, 268564697, 288243592101958912.000000, 0
1738336213.753150, 268564697, 288243592101958912.000000, 0
1738336213.853150, 268564697, 288243592101958912.000000, 0
1738336213.953150, 268564697, 288243592101958912.000000, 0
1738336214.053150, 268564697, 288243592101958912.000000, 0
1738336214.153150, 268564697, 288243592101958656.000000, 0
1738336214.253150, 268564697, 288243592118736128.000000, 0
1738336214.353150, 268564697, 288243592118736128.000000, 0
1738336214.453140, 268564697, 288243592118736128.000000, 0
1738336214.553140, 268564697, 288243592101958912.000000, 0
1738336214.653140, 268564697, 288243592101958912.000000, 0
1738336214.753140, 268564697, 288243592101958912.000000, 0
1738336214.853140, 268564697, 288243592101958912.000000, 0
1738336214.953140, 268564697, 288243592101958912.000000, 0
1738336215.053140, 268564697, 288243592101958912.000000, 0
1738336215.153140, 268564697, 288243592101958912.000000, 0
1738336215.253140, 268564697, 288243592101958912.000000, 0
1738336215.353140, 268564697, 288243592118736128.000000, 0
1738336215.453140, 268564697, 288243592118736128.000000, 0
1738336215.553130, 268564697, 288243592101958912.000000, 0
1738336215.653140, 268564697, 288243592101958912.000000, 0
1738336215.753130, 268564697, 288243592101958912.000000, 0
1738336215.853130, 268564697, 288243592101958912.000000, 0
1738336215.953130, 268564697, 288243592118736128.000000, 0
1738336216.053130, 268564697, 288243592101958912.000000, 0
1738336216.153130, 268564697, 288243592101958912.000000, 0
1738336216.253130, 268564697, 288243592101958912.000000, 0
1738336216.353130, 268564697, 288243592101958912.000000, 0
1738336216.453130, 268564697, 288243592101958912.000000, 0
1738336216.553130, 268564697, 288243592101958912.000000, 0
1738336216.653120, 268564697, 288243592101958912.000000, 0
1738336216.753130, 268564697, 288243592101958912.000000, 0
1738336216.853130, 268564697, 288243592118736128.000000, 0
1738336216.953120, 268564697, 288243592118736128.000000, 0
1738336217.053120, 268564697, 288243592118736128.000000, 0
1738336217.153120, 268564697, 288243592101958912.000000, 0
1738336217.253120, 268564697, 288243592101958912.000000, 0
1738336217.353120, 268564697, 288243592101958912.000000, 0
1738336217.453120, 268564697, 288243592101958912.000000, 0
1738336217.553120, 268564697, 288243592101958912.000000, 0
1738336217.653120, 268564697, 288243592101958912.000000, 0
1738336217.753120, 268564697, 288243592101958912.000000, 0
1738336217.853120, 268564697, 288243592101958912.000000, 0
1738336217.953120, 268564697, 288243592118736128.000000, 0
1738336218.053110, 268564697, 288243592101958912.000000, 0
1738336218.153110, 268564697, 288243592101958912.000000, 0
1738336218.253110, 268564697, 288243592101958912.000000, 0
1738336218.353110, 268564697, 288243592101958912.000000, 0
1738336218.453110, 268564697, 288243592101958912.000000, 0
1738336218.553110, 268564697, 288243592118736128.000000, 0
1738336218.653110, 268564697, 288243592118736128.000000, 0
1738336218.753110, 268564697, 288243592101958912.000000, 0
1738336218.853110, 268564697, 288243592101958912.000000, 0
1738336218.953110, 268564697, 288243592101958912.000000, 0
1738336219.053110, 268564697, 288243592118736128.000000, 0
1738336219.153110, 268564697, 288243592101958912.000000, 0
1738336219.253110, 268564697, 288243592101958912.000000, 0
1738336219.353110, 268564697, 288243592101958912.000000, 0
1738336219.453100, 268564697, 288243592101958912.000000, 0
1738336219.553110, 268564697, 288243592118736128.000000, 0
1738336219.653100, 268564697, 288243592118736128.000000, 0
1738336219.753100, 268564697, 288243592101958912.000000, 0
1738336219.853100, 268564697, 288243592101958912.000000, 0
1738336219.953100, 268564697, 288243592101958912.000000, 0
1738336220.053100, 268564697, 288243592101958912.000000, 0
1738336220.153100, 268564697, 288243592101958912.000000, 0
1738336220.253100, 268564697, 288243592101958912.000000, 0
1738336220.353100, 268564697, 288243592101958912.000000, 0
1738336220.453100, 268564697, 288243592118736128.000000, 0
1738336220.553100, 268564697, 288243592118736128.000000, 0
1738336220.653100, 268564697, 288243592118736128.000000, 0
1738336220.753090, 268564697, 288243592101958912.000000, 0
1738336220.853090, 268564697, 288243592101958912.000000, 0
1738336220.953090, 268564697, 288243592101958912.000000, 0
1738336221.053090, 268564697, 288243592101958912.000000, 0
1738336221.153090, 268564697, 288243592101958912.000000, 0
1738336221.253090, 268564697, 288243592101958912.000000, 0
1738336221.353090, 268564697, 288243592101958912.000000, 0
1738336221.453090, 268564697, 288243592101958912.000000, 0
1738336221.553090, 268564697, 288243592118736128.000000, 0
1738336221.653090, 268564697, 288243592118736128.000000, 0
1738336221.753090, 268564697, 288243592118736128.000000, 0
1738336221.853080, 268564697, 288243592101958912.000000, 0
1738336221.953080, 268564697, 288243592101958912.000000, 0
1738336222.053080, 268564697, 288243592101958912.000000, 0
1738336222.153080, 268564697, 288243592101958912.000000, 0
1738336222.253080, 268564697, 288243592118736128.000000, 0
1738336222.353080, 268564697, 288243592101958912.000000, 0
1738336222.453080, 268564697, 288243592101958912.000000, 0
1738336222.553080, 268564697, 288243592101958912.000000, 0
1738336222.653080, 268564697, 288243592101958912.000000, 0
1738336222.753080, 268564697, 288243592101958912.000000, 0
1738336222.853080, 268564697, 288243592101958912.000000, 0
1738336222.953080, 268564697, 288243592101958912.000000, 0
1738336223.053070, 268564697, 288243592101958912.000000, 0
1738336223.153080, 268564697, 288243592118736128.000000, 0
1738336223.253070, 268564697, 288243592118736128.000000, 0
1738336223.353070, 268564697, 288243592101958912.000000, 0
1738336223.453070, 268564697, 288243592101958912.000000, 0
1738336223.553070, 268564697, 288243592101958912.000000, 0
1738336223.653070, 268564697, 288243592118736128.000000, 0
1738336223.753070, 268564697, 288243592118736128.000000, 0
1738336223.853070, 268564697, 288243592118736128.000000, 0
1738336223.953070, 268564697, 288243592118736128.000000, 0
1738336224.053070, 268564697, 288243592101958912.000000, 0
1738336224.153070, 268564697, 288243592101958912.000000, 0
1738336224.253070, 268564697, 288243592101958912.000000, 0
1738336224.353060, 268564697, 288243592101958912.000000, 0
1738336224.453060, 268564697, 288243592101958912.000000, 0
1738336224.553060, 268564697, 288243592101958912.000000, 0
1738336224.653060, 268564697, 288243592101958912.000000, 0
1738336224.753060, 268564697, 288243592118736128.000000, 0
1738336224.853060, 268564697, 288243592118736128.000000, 0
1738336224.953060, 268564697, 288243592118736128.000000, 0
1738336225.053060, 268564697, 288243592101958912.000000, 0
1738336225.153060, 268564697, 288243592101958912.000000, 0
1738336225.253060, 268564697, 288243592101958912.000000, 0
1738336225.353060, 268564697, 288243592101958912.000000, 0
1738336225.453060, 268564697, 288243592101958912.000000, 0
1738336225.553060, 268564697, 288243592101958912.000000, 0
1738336225.653050, 268564697, 288243592101958912.000000, 0
1738336225.753050, 268564697, 288243592101958912.000000, 0
1738336225.853060, 268564697, 288243592118736128.000000, 0
1738336225.953050, 268564697, 288243592101958912.000000, 0
1738336226.053050, 268564697, 288243592101958912.000000, 0
1738336226.153050, 268564697, 288243592101958912.000000, 0
1738336226.253050, 268564697, 288243592101958912.000000, 0
1738336226.353050, 268564697, 288243592118736128.000000, 0
1738336226.453050, 268564697, 288243592118736128.000000, 0
1738336226.553050, 268564697, 288243592118736128.000000, 0
1738336226.653050, 268564697, 288243592101958912.000000, 0
1738336226.753050, 268564697, 288243592101958912.000000, 0
1738336226.853050, 268564697, 288243592118736128.000000, 0
1738336226.953050, 268564697, 288243592118736128.000000, 0
1738336227.053040, 268564697, 288243592101958912.000000, 0
1738336227.153040, 268564697, 288243592101958912.000000, 0
1738336227.253040, 268564697, 288243592101958912.000000, 0
1738336227.353040, 268564697, 288243592101958912.000000, 0
1738336227.453040, 268564697, 288243592118736128.000000, 0
1738336227.553040, 268564697, 288243592101958912.000000, 0
1738336227.653040, 268564697, 288243592101958912.000000, 0
1738336227.753040, 268564697, 288243592101958912.000000, 0
1738336227.853040, 268564697, 288243592101958912.000000, 0
1738336227.953040, 268564697, 288243592101958912.000000, 0
1738336228.053040, 268564697, 288243592101958912.000000, 0
1738336228.153030, 268564697, 288243592101958912.000000, 0
1738336228.253030, 268564697, 288243592101958912.000000, 0
1738336228.353030, 268564697, 288243592118736128.000000, 0
1738336228.453030, 268564697, 288243592118736128.000000, 0
1738336228.553030, 268564697, 288243592118736128.000000, 0
1738336228.653030, 268564697, 288243592101958912.000000, 0
1738336228.753030, 268564697, 288243592101958912.000000, 0
1738336228.853030, 268564697, 288243592101958912.000000, 0
1738336228.953030, 268564697, 288243592101958912.000000, 0
1738336229.053030, 268564697, 288243592118736128.000000, 0
1738336229.153030, 268564697, 288243592101958912.000000, 0
1738336229.253030, 268564697, 288243592101958912.000000, 0
1738336229.353030, 268564697, 288243592101958912.000000, 0
1738336229.453030, 268564697, 288243592101958912.000000, 0
1738336229.553020, 268564697, 288243592101958912.000000, 0
1738336229.653020, 268564697, 288243592101958912.000000, 0
1738336229.753020, 268564697, 288243592101958912.000000, 0
1738336229.853020, 268564697, 288243592101958912.000000, 0
1738336229.953020, 268564697, 288243592118736128.000000, 0
1738336230.053020, 268564697, 288243592118736128.000000, 0
1738336230.153020, 268564697, 288243592101958912.000000, 0
1738336230.253020, 268564697, 288243592101958912.000000, 0
1738336230.353020, 268564697, 288243592101958912.000000, 0
1738336230.453020, 268564697, 288243592101958912.000000, 0
1738336230.553020, 268564697, 288243592101958912.000000, 0
1738336230.653020, 268564697, 288243592101958912.000000, 0
1738336230.753010, 268564697, 288243592101958912.000000, 0
1738336230.853010, 268564697, 288243592101958912.000000, 0
1738336230.953010, 268564697, 288243592101958912.000000, 0
1738336231.053010, 268564697, 288243592118736128.000000, 0
1738336231.153010, 268564697, 288243592118736128.000000, 0
1738336231.253010, 268564697, 288243592101958912.000000, 0
1738336231.353010, 268564697, 288243592101958656.000000, 0
1738336231.453010, 268564697, 288243592101958912.000000, 0
1738336231.553010, 268564697, 288243592118736128.000000, 0
1738336231.653010, 268564697, 288243592118736128.000000, 0
1738336231.753010, 268564697, 288243592118736128.000000, 0
1738336231.853010, 268564697, 288243592101958912.000000, 0
1738336231.953010, 268564697, 288243592101958912.000000, 0
1738336232.053000, 268564697, 288243592101958912.000000, 0
1738336232.153000, 268564697, 288243592101958912.000000, 0
1738336232.253000, 268564697, 288243592101958912.000000, 0
1738336232.353000, 268564697, 288243592101958912.000000, 0
