1738336106.057330,269088967,7205973954589097984.000000,0
1738336106.157330,269088967,7205973954589097984.000000,0
1738336106.257330,269088967,7205973954589097984.000000,0
1738336106.357330,269088967,7205972855077470208.000000,0
1738336106.457330,269088967,7205972855077470208.000000,0
1738336106.557320,269088967,7205972855077470208.000000,0
1738336106.657320,269088967,7205973954589097984.000000,0
1738336106.757310,269088967,7205973954589097984.000000,0
1738336106.857310,269088967,7205973954589097984.000000,0
1738336106.957320,269088967,7205973954589097984.000000,0
1738336107.057310,269088967,7205973954589097984.000000,0
1738336107.157310,269088967,7205973954589097984.000000,0
1738336107.257310,269088967,7205973954589097984.000000,0
1738336107.357300,269088967,7205973954589097984.000000,0
1738336107.457300,269088967,7205973954589097984.000000,0
1738336107.557300,269088967,7205973954589097984.000000,0
1738336107.657300,269088967,7205973954589097984.000000,0
1738336107.757300,269088967,7205973954589097984.000000,0
1738336107.857290,269088967,7205973954589097984.000000,0
1738336107.957290,269088967,7205973954589097984.000000,0
1738336108.057290,269088967,7205973954589097984.000000,0
1738336108.157290,269088967,7205973954589097984.000000,0
1738336108.257280,269088967,7205973954589097984.000000,0
1738336108.357280,269088967,7205973954589097984.000000,0
1738336108.457280,269088967,7205973954589097984.000000,0
1738336108.557280,269088967,7205973954589097984.000000,0
1738336108.657270,269088967,7205973954589097984.000000,0
1738336108.757270,269088967,7205973954589097984.000000,0
1738336108.857270,269088967,7205973954589097984.000000,0
1738336108.957260,269088967,7205973954589097984.000000,0
1738336109.057270,269088967,7205973954589097984.000000,0
1738336109.157270,269088967,7205973954589097984.000000,0
1738336109.257270,269088967,7205973954589097984.000000,0
1738336109.357260,269088967,7205973954589097984.000000,0
1738336109.457260,269088967,7205973954589097984.000000,0
1738336109.557250,269088967,7205973954589097984.000000,0
1738336109.657260,269088967,7205973954589097984.000000,0
1738336109.757260,269088967,7205973954589097984.000000,0
1738336109.857250,269088967,7205973954589097984.000000,0
1738336109.957250,269088967,7205973954589097984.000000,0
1738336110.057250,269088967,7205973954589097984.000000,0
1738336110.157240,269088967,7205973954589097984.000000,0
1738336110.257240,269088967,7205973954589097984.000000,0
1738336110.357240,269088967,7205973954589097984.000000,0
1738336110.457240,269088967,7205973954589097984.000000,0
1738336110.557240,269088967,7205973954589097984.000000,0
1738336110.657230,269088967,7205973954589097984.000000,0
1738336110.757230,269088967,7205973954589097984.000000,0
1738336110.857230,269088967,7205973954589097984.000000,0
1738336110.957220,269088967,7205973954589097984.000000,0
1738336111.057230,269088967,7205973954589097984.000000,0
1738336111.157230,269088967,7205973954589097984.000000,0
1738336111.257220,269088967,7205973954589097984.000000,0
1738336111.357220,269088967,7205973954589097984.000000,0
1738336111.457210,269088967,7205973954589097984.000000,0
1738336111.557210,269088967,7205973954589097984.000000,0
1738336111.657210,269088967,7205973954589097984.000000,0
1738336111.757220,269088967,7205973954589097984.000000,0
1738336111.857210,269088967,7205973954589097984.000000,0
1738336111.957210,269088967,7205973954589097984.000000,0
1738336112.057210,269088967,7205973954589097984.000000,0
1738336112.157200,269088967,7205973954589097984.000000,0
1738336112.257200,269088967,7205973954589097984.000000,0
1738336112.357200,269088967,7205973954589097984.000000,0
1738336112.457200,269088967,7205973954589097984.000000,0
1738336112.557200,269088967,7205973954589097984.000000,0
1738336112.657190,269088967,7205973954589097984.000000,0
1738336112.757190,269088967,7205973954589097984.000000,0
1738336112.857190,269088967,7205973954589097984.000000,0
1738336112.957180,269088967,7205973954589097984.000000,0
1738336113.057180,269088967,7205973954589097984.000000,0
1738336113.157180,269088967,7205973954589097984.000000,0
1738336113.257180,269088967,7205973954589097984.000000,0
1738336113.357180,269088967,7205973954589097984.000000,0
1738336113.457180,269088967,7205972855077470208.000000,0
1738336113.557170,269088967,7205972855077470208.000000,0
1738336113.657170,269088967,7205972855077470208.000000,0
1738336113.757170,269088967,7205972855077470208.000000,0
1738336113.857160,269088967,7205973954589097984.000000,0
1738336113.957170,269088967,7205973954589097984.000000,0
1738336114.057170,269088967,7205973954589097984.000000,0
1738336114.157160,269088967,7205973954589097984.000000,0
1738336114.257160,269088967,7205973954589097984.000000,0
1738336114.357150,269088967,7205973954589097984.000000,0
1738336114.457160,269088967,7205973954589097984.000000,0
1738336114.557160,269088967,7205973954589097984.000000,0
1738336114.657150,269088967,7205973954589097984.000000,0
1738336114.757150,269088967,7205973954589097984.000000,0
1738336114.857150,269088967,7205973954589097984.000000,0
1738336114.957140,269088967,7205973954589097984.000000,0
1738336115.057140,269088967,7205973954589097984.000000,0
1738336115.157140,269088967,7205973954589097984.000000,0
1738336115.257140,269088967,7205973954589097984.000000,0
1738336115.357140,269088967,7205973954589097984.000000,0
1738336115.457130,269088967,7205973954589097984.000000,0
1738336115.557130,269088967,7205973954589097984.000000,0
1738336115.657130,269088967,7205973954589097984.000000,0
1738336115.757120,269088967,7205973954589097984.000000,0
1738336115.857130,269088967,7205973954589097984.000000,0
1738336115.957130,269088967,7205973954589097984.000000,0
1738336116.057130,269088967,7205973954589097984.000000,0
1738336116.157120,269088967,7205973954589097984.000000,0
1738336116.257120,269088967,7205972855077470208.000000,0
1738336116.357120,269088967,7205972855077470208.000000,0
1738336116.457110,269088967,7205973954589097984.000000,0
1738336116.557110,269088967,7205973954589097984.000000,0
1738336116.657110,269088967,7205973954589097984.000000,0
1738336116.757110,269088967,7205973954589097984.000000,0
1738336116.857100,269088967,7205973954589097984.000000,0
1738336116.957100,269088967,7205973954589097984.000000,0
1738336117.057100,269088967,7205972855077470208.000000,0
1738336117.157100,269088967,7205973954589097984.000000,0
1738336117.257100,269088967,7205973954589097984.000000,0
1738336117.357090,269088967,7205973954589097984.000000,0
1738336117.457090,269088967,7205973954589097984.000000,0
1738336117.557090,269088967,7205973954589097984.000000,0
1738336117.657080,269088967,7205973954589097984.000000,0
1738336117.757080,269088967,7205972855077470208.000000,0
1738336117.857080,269088967,7205972855077470208.000000,0
1738336117.957080,269088967,7205973954589097984.000000,0
1738336118.057080,269088967,7205973954589097984.000000,0
1738336118.157080,269088967,7205973954589097984.000000,0
1738336118.257070,269088967,7205973954589097984.000000,0
1738336118.357070,269088967,7205972855077470208.000000,0
1738336118.457070,269088967,7205973954589097984.000000,0
1738336118.557060,269088967,7205973954589097984.000000,0
1738336118.657060,269088967,7205973954589097984.000000,0
1738336118.757070,269088967,7205973954589097984.000000,0
1738336118.857060,269088967,7205973954589097984.000000,0
1738336118.957060,269088967,7205973954589097984.000000,0
1738336119.057060,269088967,7205973954589097984.000000,0
1738336119.157050,269088967,7205973954589097984.000000,0
1738336119.257050,269088967,7205973954589097984.000000,0
1738336119.357050,269088967,7205973954589097984.000000,0
1738336119.457050,269088967,7205973954589097984.000000,0
1738336119.557050,269088967,7205973954589097984.000000,0
1738336119.657040,269088967,7205973954589097984.000000,0
1738336119.757040,269088967,7205973954589097984.000000,0
1738336119.857040,269088967,7205973954589097984.000000,0
1738336119.957030,269088967,7205973954589097984.000000,0
1738336120.057040,269088967,7205973954589097984.000000,0
1738336120.157040,269088967,7205973954589097984.000000,0
1738336120.257030,269088967,7205973954589097984.000000,0
1738336120.357030,269088967,7205973954589097984.000000,0
1738336120.457030,269088967,7205973954589097984.000000,0
1738336120.557020,269088967,7205973954589097984.000000,0
1738336120.657020,269088967,7205973954589097984.000000,0
1738336120.757030,269088967,7205973954589097984.000000,0
1738336120.857020,269088967,7205973954589097984.000000,0
1738336120.957020,269088967,7205972855077470208.000000,0
1738336121.057020,269088967,7205973954589097984.000000,0
1738336121.157010,269088967,7205972855077470208.000000,0
1738336121.257010,269088967,7205973954589097984.000000,0
1738336121.357010,269088967,7205973954589097984.000000,0
1738336121.457010,269088967,7205973954589097984.000000,0
1738336121.557010,269088967,7205973954589097984.000000,0
1738336121.657000,269088967,7205973954589097984.000000,0
1738336121.757000,269088967,7205972855077470208.000000,0
1738336121.857000,269088967,7205973954589097984.000000,0
1738336121.956990,269088967,7205973954589097984.000000,0
1738336122.056990,269088967,7205973954589097984.000000,0
1738336122.156990,269088967,7205973954589097984.000000,0
1738336122.256990,269088967,7205973954589097984.000000,0
1738336122.356990,269088967,7205973954589097984.000000,0
1738336122.456980,269088967,7205973954589097984.000000,0
1738336122.556980,269088967,7205973954589097984.000000,0
1738336122.656980,269088967,7205973954589097984.000000,0
1738336122.756980,269088967,7205973954589097984.000000,0
1738336122.856980,269088967,7205973954589097984.000000,0
1738336122.956980,269088967,7205973954589097984.000000,0
1738336123.056970,269088967,7205973954589097984.000000,0
1738336123.156970,269088967,7205973954589097984.000000,0
1738336123.256960,269088967,7205973954589097984.000000,0
1738336123.356960,269088967,7205973954589097984.000000,0
1738336123.456960,269088967,7205973954589097984.000000,0
1738336123.556970,269088967,7205973954589097984.000000,0
1738336123.656960,269088967,7205973954589097984.000000,0
1738336123.756960,269088967,7205973954589097984.000000,0
1738336123.856960,269088967,7205973954589097984.000000,0
1738336123.956950,269088967,7205973954589097984.000000,0
1738336124.056950,269088967,7205972855077470208.000000,0
1738336124.156950,269088967,7205973954589097984.000000,0
1738336124.256950,269088967,7205973954589097984.000000,0
1738336124.356940,269088967,7205973954589097984.000000,0
1738336124.456940,269088967,7205973954589097984.000000,0
1738336124.556940,269088967,7205973954589097984.000000,0
1738336124.656940,269088967,7205973954589097984.000000,0
1738336124.756930,269088967,7205973954589097984.000000,0
1738336124.856930,269088967,7205973954589097984.000000,0
1738336124.956940,269088967,7205973954589097984.000000,0
1738336125.056940,269088967,7205973954589097984.000000,0
1738336125.156930,269088967,7205973954589097984.000000,0
1738336125.256920,269088967,7205973954589097984.000000,0
1738336125.356920,269088967,7205973954589097984.000000,0
1738336125.456920,269088967,7205973954589097984.000000,0
1738336125.556910,269088967,7205973954589097984.000000,0
1738336125.656920,269088967,7205973954589097984.000000,0
1738336125.756920,269088967,7205973954589097984.000000,0
1738336125.856920,269088967,7205972855077470208.000000,0
1738336125.956910,269088967,7205972855077470208.000000,0
1738336126.056910,269088967,7205973954589097984.000000,0
1738336126.156910,269088967,7205973954589097984.000000,0
1738336126.256910,269088967,7205973954589097984.000000,0
1738336126.356900,269088967,7205973954589097984.000000,0
1738336126.456900,269088967,7205972855077470208.000000,0
1738336126.556900,269088967,7205973954589097984.000000,0
1738336126.656900,269088967,7205973954589097984.000000,0
1738336126.756890,269088967,7205972855077470208.000000,0
1738336126.856890,269088967,7205973954589097984.000000,0
1738336126.956890,269088967,7205973954589097984.000000,0
1738336127.056890,269088967,7205973954589097984.000000,0
1738336127.156890,269088967,7205973954589097984.000000,0
1738336127.256880,269088967,7205972855077470208.000000,0
1738336127.356880,269088967,7205972855077470208.000000,0
1738336127.456880,269088967,7205973954589097984.000000,0
1738336127.556870,269088967,7205973954589097984.000000,0
1738336127.656870,269088967,7205973954589097984.000000,0
1738336127.756880,269088967,7205973954589097984.000000,0
1738336127.856870,269088967,7205973954589097984.000000,0
1738336127.956870,269088967,7205973954589097984.000000,0
1738336128.056870,269088967,7205973954589097984.000000,0
1738336128.156860,269088967,7205973954589097984.000000,0
1738336128.256860,269088967,7205973954589097984.000000,0
1738336128.356870,269088967,7205973954589097984.000000,0
1738336128.456860,269088967,7205973954589097984.000000,0
1738336128.556860,269088967,7205973954589097984.000000,0
1738336128.656860,269088967,7205973954589097984.000000,0
1738336128.756850,269088967,7205973954589097984.000000,0
1738336128.856850,269088967,7205973954589097984.000000,0
1738336128.956850,269088967,7205973954589097984.000000,0
1738336129.056850,269088967,7205973954589097984.000000,0
1738336129.156850,269088967,7205973954589097984.000000,0
1738336129.256840,269088967,7205973954589097984.000000,0
1738336129.356840,269088967,7205973954589097984.000000,0
1738336129.456840,269088967,7205973954589097984.000000,0
1738336129.556830,269088967,7205973954589097984.000000,0
1738336129.656830,269088967,7205973954589097984.000000,0
1738336129.756840,269088967,7205973954589097984.000000,0
1738336129.856830,269088967,7205973954589097984.000000,0
1738336129.956830,269088967,7205973954589097984.000000,0
1738336130.056830,269088967,7205973954589097984.000000,0
1738336130.156820,269088967,7205973954589097984.000000,0
1738336130.256820,269088967,7205972855077470208.000000,0
1738336130.356820,269088967,7205972855077470208.000000,0
1738336130.456820,269088967,7205972855077470208.000000,0
1738336130.556820,269088967,7205973954589097984.000000,0
1738336130.656810,269088967,7205973954589097984.000000,0
1738336130.756810,269088967,7205973954589097984.000000,0
1738336130.856810,269088967,7205973954589097984.000000,0
1738336130.956800,269088967,7205973954589097984.000000,0
1738336131.056810,269088967,7205973954589097984.000000,0
1738336131.156800,269088967,7205973954589097984.000000,0
1738336131.256800,269088967,7205972855077470208.000000,0
1738336131.356800,269088967,7205973954589097984.000000,0
1738336131.456800,269088967,7205973954589097984.000000,0
1738336131.556790,269088967,7205972855077470208.000000,0
1738336131.656790,269088967,7205973954589097984.000000,0
1738336131.756790,269088967,7205973954589097984.000000,0
1738336131.856790,269088967,7205973954589097984.000000,0
1738336131.956790,269088967,7205972855077470208.000000,0
1738336132.056790,269088967,7205972855077470208.000000,0
1738336132.156780,269088967,7205973954589097984.000000,0
1738336132.256780,269088967,7205973954589097984.000000,0
1738336132.356770,269088967,7205973954589097984.000000,0
1738336132.456770,269088967,7205972855077470208.000000,0
1738336132.556780,269088967,7205972855077470208.000000,0
1738336132.656770,269088967,7205973954589097984.000000,0
1738336132.756770,269088967,7205973954589097984.000000,0
1738336132.856770,269088967,7205973954589097984.000000,0
1738336132.956760,269088967,7205973954589097984.000000,0
1738336133.056760,269088967,7205973954589097984.000000,0
1738336133.156760,269088967,7205973954589097984.000000,0
1738336133.256760,269088967,7205972855077470208.000000,0
1738336133.356760,269088967,7205972855077470208.000000,0
1738336133.456750,269088967,7205973954589097984.000000,0
1738336133.556750,269088967,7205973954589097984.000000,0
1738336133.656750,269088967,7205973954589097984.000000,0
1738336133.756740,269088967,7205973954589097984.000000,0
1738336133.856750,269088967,7205973954589097984.000000,0
1738336133.956740,269088967,7205973954589097984.000000,0
1738336134.056740,269088967,7205973954589097984.000000,0
1738336134.156740,269088967,7205973954589097984.000000,0
1738336134.256740,269088967,7205973954589097984.000000,0
1738336134.356730,269088967,7205973954589097984.000000,0
1738336134.456730,269088967,7205973954589097984.000000,0
1738336134.556740,269088967,7205972855077470208.000000,0
1738336134.656740,269088967,7205972855077470208.000000,0
1738336134.756730,269088967,7205973954589097984.000000,0
1738336134.856730,269088967,7205973954589097984.000000,0
1738336134.956720,269088967,7205973954589097984.000000,0
1738336135.056720,269088967,7205973954589097984.000000,0
1738336135.156710,269088967,7205973954589097984.000000,0
1738336135.256720,269088967,7205973954589097984.000000,0
1738336135.356720,269088967,7205973954589097984.000000,0
1738336135.456710,269088967,7205973954589097984.000000,0
1738336135.556710,269088967,7205973954589097984.000000,0
1738336135.656710,269088967,7205973954589097984.000000,0
1738336135.756710,269088967,7205972855077470208.000000,0
1738336135.856700,269088967,7205973954589097984.000000,0
1738336135.956700,269088967,7205973954589097984.000000,0
1738336136.056700,269088967,7205973954589097984.000000,0
1738336136.156700,269088967,7205972855077470208.000000,0
1738336136.256690,269088967,7205973954589097984.000000,0
1738336136.356690,269088967,7205973954589097984.000000,0
1738336136.456690,269088967,7205973954589097984.000000,0
1738336136.556690,269088967,7205972855077470208.000000,0
1738336136.656690,269088967,7205973954589097984.000000,0
1738336136.756680,269088967,7205973954589097984.000000,0
1738336136.856680,269088967,7205973954589097984.000000,0
1738336136.956680,269088967,7205973954589097984.000000,0
1738336137.056680,269088967,7205973954589097984.000000,0
1738336137.156670,269088967,7205973954589097984.000000,0
1738336137.256670,269088967,7205972855077470208.000000,0
1738336137.356670,269088967,7205972855077470208.000000,0
1738336137.456680,269088967,7205972855077470208.000000,0
1738336137.556670,269088967,7205972855077470208.000000,0
1738336137.656670,269088967,7205972855077470208.000000,0
1738336137.756670,269088967,7205972855077470208.000000,0
1738336137.856660,269088967,7205973954589097984.000000,0
1738336137.956660,269088967,7205973954589097984.000000,0
1738336138.056660,269088967,7205973954589097984.000000,0
1738336138.156660,269088967,7205972855077470208.000000,0
1738336138.256650,269088967,7205973954589097984.000000,0
1738336138.356650,269088967,7205972855077470208.000000,0
1738336138.456650,269088967,7205972855077470208.000000,0
1738336138.556650,269088967,7205972855077470208.000000,0
1738336138.656640,269088967,7205973954589097984.000000,0
1738336138.756640,269088967,7205973954589097984.000000,0
1738336138.856640,269088967,7205972855077470208.000000,0
1738336138.956640,269088967,7205972855077470208.000000,0
1738336139.056630,269088967,7205973954589097984.000000,0
1738336139.156630,269088967,7205972855077470208.000000,0
1738336139.256630,269088967,7205973954589097984.000000,0
1738336139.356620,269088967,7205973954589097984.000000,0
1738336139.456630,269088967,7205972855077470208.000000,0
1738336139.556630,269088967,7205972855077470208.000000,0
1738336139.656630,269088967,7205972855077470208.000000,0
1738336139.756620,269088967,7205973954589097984.000000,0
1738336139.856620,269088967,7205973954589097984.000000,0
1738336139.956620,269088967,7205973954589097984.000000,0
1738336140.056620,269088967,7205972855077470208.000000,0
1738336140.156620,269088967,7205973954589097984.000000,0
1738336140.256610,269088967,7205973954589097984.000000,0
1738336140.356610,269088967,7205973954589097984.000000,0
1738336140.456610,269088967,7205973954589097984.000000,0
1738336140.556600,269088967,7205973954589097984.000000,0
1738336140.656600,269088967,7205973954589097984.000000,0
1738336140.756600,269088967,7205972855077470208.000000,0
1738336140.856600,269088967,7205972855077470208.000000,0
1738336140.956600,269088967,7205972855077470208.000000,0
1738336141.056590,269088967,7205972855077470208.000000,0
1738336141.156590,269088967,7205973954589097984.000000,0
1738336141.256590,269088967,7205973954589097984.000000,0
1738336141.356590,269088967,7205972855077470208.000000,0
1738336141.456590,269088967,7205973954589097984.000000,0
1738336141.556590,269088967,7205973954589097984.000000,0
1738336141.656580,269088967,7205973954589097984.000000,0
1738336141.756580,269088967,7205972855077470208.000000,0
1738336141.856580,269088967,7205972855077470208.000000,0
1738336141.956570,269088967,7205973954589097984.000000,0
1738336142.056570,269088967,7205973954589097984.000000,0
1738336142.156570,269088967,7205972855077470208.000000,0
1738336142.256570,269088967,7205973954589097984.000000,0
1738336142.356570,269088967,7205973954589097984.000000,0
1738336142.456560,269088967,7205973954589097984.000000,0
1738336142.556560,269088967,7205973954589097984.000000,0
1738336142.656560,269088967,7205973954589097984.000000,0
1738336142.756560,269088967,7205972855077470208.000000,0
1738336142.856560,269088967,7205972855077470208.000000,0
1738336142.956560,269088967,7205972855077470208.000000,0
1738336143.056550,269088967,7205972855077470208.000000,0
1738336143.156550,269088967,7205972855077470208.000000,0
1738336143.256550,269088967,7205973954589097984.000000,0
1738336143.356540,269088967,7205973954589097984.000000,0
1738336143.456540,269088967,7205972855077470208.000000,0
1738336143.556550,269088967,7205972855077470208.000000,0
1738336143.656540,269088967,7205973954589097984.000000,0
1738336143.756540,269088967,7205973954589097984.000000,0
1738336143.856530,269088967,7205973954589097984.000000,0
1738336143.956530,269088967,7205973954589097984.000000,0
1738336144.056530,269088967,7205973954589097984.000000,0
1738336144.156520,269088967,7205973954589097984.000000,0
1738336144.256520,269088967,7205973954589097984.000000,0
1738336144.356530,269088967,7205972855077470208.000000,0
1738336144.456530,269088967,7205972855077470208.000000,0
1738336144.556520,269088967,7205972855077470208.000000,0
1738336144.656520,269088967,7205972855077470208.000000,0
1738336144.756520,269088967,7205972855077470208.000000,0
1738336144.856510,269088967,7205972855077470208.000000,0
1738336144.956510,269088967,7205973954589097984.000000,0
1738336145.056510,269088967,7205973954589097984.000000,0
1738336145.156510,269088967,7205973954589097984.000000,0
1738336145.256500,269088967,7205973954589097984.000000,0
1738336145.356500,269088967,7205972855077470208.000000,0
1738336145.456500,269088967,7205973954589097984.000000,0
1738336145.556500,269088967,7205973954589097984.000000,0
1738336145.656500,269088967,7205973954589097984.000000,0
1738336145.756500,269088967,7205973954589097984.000000,0
1738336145.856490,269088967,7205973954589097984.000000,0
1738336145.956490,269088967,7205972855077470208.000000,0
1738336146.056490,269088967,7205972855077470208.000000,0
1738336146.156480,269088967,7205973954589097984.000000,0
1738336146.256480,269088967,7205973954589097984.000000,0
1738336146.356480,269088967,7205973954589097984.000000,0
1738336146.456480,269088967,7205973954589097984.000000,0
1738336146.556480,269088967,7205972855077470208.000000,0
1738336146.656470,269088967,7205973954589097984.000000,0
1738336146.756470,269088967,7205973954589097984.000000,0
1738336146.856470,269088967,7205973954589097984.000000,0
1738336146.956470,269088967,7205973954589097984.000000,0
1738336147.056470,269088967,7205973954589097984.000000,0
1738336147.156470,269088967,7205973954589097984.000000,0
1738336147.256460,269088967,7205973954589097984.000000,0
1738336147.356460,269088967,7205973954589097984.000000,0
1738336147.456460,269088967,7205973954589097984.000000,0
1738336147.556460,269088967,7205972855077470208.000000,0
1738336147.656450,269088967,7205972855077470208.000000,0
1738336147.756450,269088967,7205972855077470208.000000,0
1738336147.856450,269088967,7205973954589097984.000000,0
1738336147.956450,269088967,7205973954589097984.000000,0
1738336148.056440,269088967,7205973954589097984.000000,0
1738336148.156440,269088967,7205973954589097984.000000,0
1738336148.256440,269088967,7205972855077470208.000000,0
1738336148.356440,269088967,7205973954589097984.000000,0
1738336148.456440,269088967,7205973954589097984.000000,0
1738336148.556440,269088967,7205973954589097984.000000,0
1738336148.656440,269088967,7205973954589097984.000000,0
1738336148.756430,269088967,7205973954589097984.000000,0
1738336148.856430,269088967,7205973954589097984.000000,0
1738336148.956420,269088967,7205973954589097984.000000,0
1738336149.056430,269088967,7205973954589097984.000000,0
1738336149.156430,269088967,7205973954589097984.000000,0
1738336149.256420,269088967,7205973954589097984.000000,0
1738336149.356420,269088967,7205973954589097984.000000,0
1738336149.456420,269088967,7205973954589097984.000000,0
1738336149.556410,269088967,7205973954589097984.000000,0
1738336149.656410,269088967,7205973954589097984.000000,0
1738336149.756410,269088967,7205973954589097984.000000,0
1738336149.856410,269088967,7205973954589097984.000000,0
1738336149.956410,269088967,7205973954589097984.000000,0
1738336150.056400,269088967,7205973954589097984.000000,0
1738336150.156400,269088967,7205973954589097984.000000,0
1738336150.256400,269088967,7205973954589097984.000000,0
1738336150.356390,269088967,7205973954589097984.000000,0
1738336150.456400,269088967,7205973954589097984.000000,0
1738336150.556390,269088967,7205973954589097984.000000,0
1738336150.656390,269088967,7205972855077470208.000000,0
1738336150.756390,269088967,7205972855077470208.000000,0
1738336150.856390,269088967,7205972855077470208.000000,0
1738336150.956380,269088967,7205973954589097984.000000,0
1738336151.056380,269088967,7205972855077470208.000000,0
1738336151.156380,269088967,7205972855077470208.000000,0
1738336151.256380,269088967,7205972855077470208.000000,0
1738336151.356380,269088967,7205972855077470208.000000,0
1738336151.456380,269088967,7205972855077470208.000000,0
1738336151.556370,269088967,7205972855077470208.000000,0
1738336151.656370,269088967,7205973954589097984.000000,0
1738336151.756360,269088967,7205973954589097984.000000,0
1738336151.856370,269088967,7205972855077470208.000000,0
1738336151.956370,269088967,7205973954589097984.000000,0
1738336152.056360,269088967,7205973954589097984.000000,0
1738336152.156360,269088967,7205972855077470208.000000,0
1738336152.256360,269088967,7205973954589097984.000000,0
1738336152.356350,269088967,7205973954589097984.000000,0
1738336152.456350,269088967,7205973954589097984.000000,0
1738336152.556360,269088967,7205972855077470208.000000,0
1738336152.656350,269088967,7205972855077470208.000000,0
1738336152.756350,269088967,7205972855077470208.000000,0
1738336152.856340,269088967,7205973954589097984.000000,0
1738336152.956340,269088967,7205972855077470208.000000,0
1738336153.056340,269088967,7205972855077470208.000000,0
1738336153.156340,269088967,7205972855077470208.000000,0
1738336153.256340,269088967,7205973954589097984.000000,0
1738336153.356340,269088967,7205972855077470208.000000,0
1738336153.456340,269088967,7205972855077470208.000000,0
1738336153.556330,269088967,7205973954589097984.000000,0
1738336153.656330,269088967,7205973954589097984.000000,0
1738336153.756330,269088967,7205972855077470208.000000,0
1738336153.856330,269088967,7205973954589097984.000000,0
1738336153.956330,269088967,7205972855077470208.000000,0
1738336154.056320,269088967,7205972855077470208.000000,0
1738336154.156320,269088967,7205972855077470208.000000,0
1738336154.256320,269088967,7205972855077470208.000000,0
1738336154.356320,269088967,7205972855077470208.000000,0
1738336154.456310,269088967,7205973954589097984.000000,0
1738336154.556310,269088967,7205973954589097984.000000,0
1738336154.656310,269088967,7205973954589097984.000000,0
1738336154.756310,269088967,7205973954589097984.000000,0
1738336154.856300,269088967,7205973954589097984.000000,0
1738336154.956300,269088967,7205972855077470208.000000,0
1738336155.056300,269088967,7205972855077470208.000000,0
1738336155.156290,269088967,7205972855077470208.000000,0
1738336155.256290,269088967,7205972855077470208.000000,0
1738336155.356300,269088967,7205972855077470208.000000,0
1738336155.456290,269088967,7205972855077470208.000000,0
1738336155.556290,269088967,7205972855077470208.000000,0
1738336155.656290,269088967,7205972855077470208.000000,0
1738336155.756280,269088967,7205973954589097984.000000,0
1738336155.856280,269088967,7205973954589097984.000000,0
1738336155.956280,269088967,7205972855077470208.000000,0
1738336156.056280,269088967,7205972855077470208.000000,0
1738336156.156280,269088967,7205972855077470208.000000,0
1738336156.256270,269088967,7205973954589097984.000000,0
1738336156.356270,269088967,7205973954589097984.000000,0
1738336156.456270,269088967,7205972855077470208.000000,0
1738336156.556260,269088967,7205973954589097984.000000,0
1738336156.656260,269088967,7205973954589097984.000000,0
1738336156.756260,269088967,7205973954589097984.000000,0
1738336156.856260,269088967,7205973954589097984.000000,0
1738336156.956260,269088967,7205973954589097984.000000,0
1738336157.056260,269088967,7205973954589097984.000000,0
1738336157.156250,269088967,7205973954589097984.000000,0
1738336157.256250,269088967,7205972855077470208.000000,0
1738336157.356260,269088967,7205972855077470208.000000,0
1738336157.456250,269088967,7205972855077470208.000000,0
1738336157.556250,269088967,7205972855077470208.000000,0
1738336157.656240,269088967,7205972855077470208.000000,0
1738336157.756240,269088967,7205972855077470208.000000,0
1738336157.856240,269088967,7205972855077470208.000000,0
1738336157.956240,269088967,7205972855077470208.000000,0
1738336158.056240,269088967,7205972855077470208.000000,0
1738336158.156240,269088967,7205972855077470208.000000,0
1738336158.256240,269088967,7205972855077470208.000000,0
1738336158.356230,269088967,7205972855077470208.000000,0
1738336158.456230,269088967,7205973954589097984.000000,0
1738336158.556220,269088967,7205973954589097984.000000,0
1738336158.656220,269088967,7205973954589097984.000000,0
1738336158.756230,269088967,7205972855077470208.000000,0
1738336158.856220,269088967,7205972855077470208.000000,0
1738336158.956220,269088967,7205973954589097984.000000,0
1738336159.056220,269088967,7205972855077470208.000000,0
1738336159.156210,269088967,7205973954589097984.000000,0
1738336159.256210,269088967,7205973954589097984.000000,0
1738336159.356200,269088967,7205973954589097984.000000,0
1738336159.456210,269088967,7205973954589097984.000000,0
1738336159.556210,269088967,7205973954589097984.000000,0
1738336159.656200,269088967,7205973954589097984.000000,0
1738336159.756200,269088967,7205973954589097984.000000,0
1738336159.856200,269088967,7205972855077470208.000000,0
1738336159.956190,269088967,7205973954589097984.000000,0
1738336160.056190,269088967,7205973954589097984.000000,0
1738336160.156190,269088967,7205973954589097984.000000,0
1738336160.256190,269088967,7205972855077470208.000000,0
1738336160.356190,269088967,7205972855077470208.000000,0
1738336160.456180,269088967,7205972855077470208.000000,0
1738336160.556180,269088967,7205972855077470208.000000,0
1738336160.656180,269088967,7205972855077470208.000000,0
1738336160.756170,269088967,7205972855077470208.000000,0
1738336160.856170,269088967,7205972855077470208.000000,0
1738336160.956180,269088967,7205972855077470208.000000,0
1738336161.056180,269088967,7205972855077470208.000000,0
1738336161.156170,269088967,7205972855077470208.000000,0
1738336161.256170,269088967,7205973954589097984.000000,0
1738336161.356170,269088967,7205972855077470208.000000,0
1738336161.456160,269088967,7205972855077470208.000000,0
1738336161.556170,269088967,7205972855077470208.000000,0
1738336161.656160,269088967,7205972855077470208.000000,0
1738336161.756160,269088967,7205973954589097984.000000,0
1738336161.856150,269088967,7205973954589097984.000000,0
1738336161.956150,269088967,7205973954589097984.000000,0
1738336162.056150,269088967,7205973954589097984.000000,0
1738336162.156140,269088967,7205973954589097984.000000,0
1738336162.256150,269088967,7205973954589097984.000000,0
1738336162.356150,269088967,7205973954589097984.000000,0
1738336162.456150,269088967,7205972855077470208.000000,0
1738336162.556140,269088967,7205972855077470208.000000,0
1738336162.656140,269088967,7205972855077470208.000000,0
1738336162.756140,269088967,7205972855077470208.000000,0
1738336162.856130,269088967,7205972855077470208.000000,0
1738336162.956130,269088967,7205972855077470208.000000,0
1738336163.056130,269088967,7205973954589097984.000000,0
1738336163.156130,269088967,7205973954589097984.000000,0
1738336163.256130,269088967,7205973954589097984.000000,0
1738336163.356120,269088967,7205973954589097984.000000,0
1738336163.456120,269088967,7205973954589097984.000000,0
1738336163.556120,269088967,7205973954589097984.000000,0
1738336163.656120,269088967,7205973954589097984.000000,0
1738336163.756120,269088967,7205973954589097984.000000,0
1738336163.856110,269088967,7205973954589097984.000000,0
1738336163.956110,269088967,7205973954589097984.000000,0
1738336164.056110,269088967,7205973954589097984.000000,0
1738336164.156110,269088967,7205972855077470208.000000,0
1738336164.256110,269088967,7205973954589097984.000000,0
1738336164.356110,269088967,7205973954589097984.000000,0
1738336164.456100,269088967,7205973954589097984.000000,0
1738336164.556100,269088967,7205973954589097984.000000,0
1738336164.656090,269088967,7205973954589097984.000000,0
1738336164.756090,269088967,7205973954589097984.000000,0
1738336164.856090,269088967,7205973954589097984.000000,0
1738336164.956080,269088967,7205973954589097984.000000,0
1738336165.056090,269088967,7205973954589097984.000000,0
1738336165.156090,269088967,7205973954589097984.000000,0
1738336165.256080,269088967,7205973954589097984.000000,0
1738336165.356080,269088967,7205973954589097984.000000,0
1738336165.456080,269088967,7205973954589097984.000000,0
1738336165.556070,269088967,7205973954589097984.000000,0
1738336165.656080,269088967,7205973954589097984.000000,0
1738336165.756080,269088967,7205973954589097984.000000,0
1738336165.856070,269088967,7205973954589097984.000000,0
1738336165.956070,269088967,7205973954589097984.000000,0
1738336166.056070,269088967,7205973954589097984.000000,0
1738336166.156060,269088967,7205973954589097984.000000,0
1738336166.256060,269088967,7205973954589097984.000000,0
1738336166.356060,269088967,7205973954589097984.000000,0
1738336166.456060,269088967,7205973954589097984.000000,0
1738336166.556060,269088967,7205973954589097984.000000,0
1738336166.656050,269088967,7205973954589097984.000000,0
1738336166.756050,269088967,7205973954589097984.000000,0
1738336166.856050,269088967,7205972855077470208.000000,0
1738336166.956050,269088967,7205972855077470208.000000,0
1738336167.056050,269088967,7205972855077470208.000000,0
1738336167.156050,269088967,7205973954589097984.000000,0
1738336167.256050,269088967,7205973954589097984.000000,0
1738336167.356040,269088967,7205973954589097984.000000,0
1738336167.456030,269088967,7205973954589097984.000000,0
1738336167.556030,269088967,7205972855077470208.000000,0
1738336167.656030,269088967,7205973954589097984.000000,0
1738336167.756030,269088967,7205973954589097984.000000,0
1738336167.856030,269088967,7205973954589097984.000000,0
1738336167.956030,269088967,7205973954589097984.000000,0
1738336168.056030,269088967,7205973954589097984.000000,0
1738336168.156020,269088967,7205973954589097984.000000,0
1738336168.256020,269088967,7205973954589097984.000000,0
1738336168.356020,269088967,7205973954589097984.000000,0
1738336168.456020,269088967,7205973954589097984.000000,0
1738336168.556020,269088967,7205973954589097984.000000,0
1738336168.656010,269088967,7205973954589097984.000000,0
1738336168.756010,269088967,7205973954589097984.000000,0
1738336168.856010,269088967,7205973954589097984.000000,0
1738336168.956000,269088967,7205973954589097984.000000,0
1738336169.056000,269088967,7205973954589097984.000000,0
1738336169.156000,269088967,7205973954589097984.000000,0
1738336169.256000,269088967,7205973954589097984.000000,0
1738336169.356000,269088967,7205973954589097984.000000,0
1738336169.456000,269088967,7205972855077470208.000000,0
1738336169.555990,269088967,7205972855077470208.000000,0
1738336169.655990,269088967,7205972855077470208.000000,0
1738336169.755990,269088967,7205972855077470208.000000,0
1738336169.855980,269088967,7205973954589097984.000000,0
1738336169.955990,269088967,7205973954589097984.000000,0
1738336170.055980,269088967,7205973954589097984.000000,0
1738336170.155980,269088967,7205973954589097984.000000,0
1738336170.255980,269088967,7205972855077470208.000000,0
1738336170.355980,269088967,7205972855077470208.000000,0
1738336170.455970,269088967,7205972855077470208.000000,0
1738336170.555980,269088967,7205972855077470208.000000,0
1738336170.655980,269088967,7205972855077470208.000000,0
1738336170.755970,269088967,7205972855077470208.000000,0
1738336170.855970,269088967,7205972855077470208.000000,0
1738336170.955970,269088967,7205972855077470208.000000,0
1738336171.055960,269088967,7205972855077470208.000000,0
1738336171.155960,269088967,7205972855077470208.000000,0
1738336171.255960,269088967,7205972855077470208.000000,0
1738336171.355960,269088967,7205972855077470208.000000,0
1738336171.455950,269088967,7205972855077470208.000000,0
1738336171.555950,269088967,7205973954589097984.000000,0
1738336171.655950,269088967,7205973954589097984.000000,0
1738336171.755940,269088967,7205973954589097984.000000,0
1738336171.855940,269088967,7205973954589097984.000000,0
1738336171.955950,269088967,7205973954589097984.000000,0
1738336172.055940,269088967,7205973954589097984.000000,0
1738336172.155940,269088967,7205973954589097984.000000,0
1738336172.255940,269088967,7205973954589097984.000000,0
1738336172.355940,269088967,7205973954589097984.000000,0
1738336172.455930,269088967,7205973954589097984.000000,0
1738336172.555930,269088967,7205973954589097984.000000,0
1738336172.655930,269088967,7205972855077470208.000000,0
1738336172.755930,269088967,7205972855077470208.000000,0
1738336172.855930,269088967,7205972855077470208.000000,0
1738336172.955920,269088967,7205973954589097984.000000,0
1738336173.055920,269088967,7205972855077470208.000000,0
1738336173.155920,269088967,7205972855077470208.000000,0
1738336173.255920,269088967,7205972855077470208.000000,0
1738336173.355910,269088967,7205973954589097984.000000,0
1738336173.455910,269088967,7205973954589097984.000000,0
1738336173.555910,269088967,7205973954589097984.000000,0
1738336173.655900,269088967,7205973954589097984.000000,0
1738336173.755900,269088967,7205972855077470208.000000,0
1738336173.855900,269088967,7205973954589097984.000000,0
1738336173.955900,269088967,7205973954589097984.000000,0
1738336174.055900,269088967,7205973954589097984.000000,0
1738336174.155900,269088967,7205972855077470208.000000,0
1738336174.255890,269088967,7205973954589097984.000000,0
1738336174.355890,269088967,7205973954589097984.000000,0
1738336174.455890,269088967,7205973954589097984.000000,0
1738336174.555890,269088967,7205972855077470208.000000,0
1738336174.655880,269088967,7205972855077470208.000000,0
1738336174.755890,269088967,7205973954589097984.000000,0
1738336174.855880,269088967,7205973954589097984.000000,0
1738336174.955880,269088967,7205972855077470208.000000,0
1738336175.055880,269088967,7205973954589097984.000000,0
1738336175.155880,269088967,7205972855077470208.000000,0
1738336175.255870,269088967,7205973954589097984.000000,0
1738336175.355870,269088967,7205973954589097984.000000,0
1738336175.455870,269088967,7205973954589097984.000000,0
1738336175.555870,269088967,7205972855077470208.000000,0
1738336175.655870,269088967,7205972855077470208.000000,0
1738336175.755870,269088967,7205972855077470208.000000,0
1738336175.855860,269088967,7205972855077470208.000000,0
1738336175.955860,269088967,7205972855077470208.000000,0
1738336176.055860,269088967,7205972855077470208.000000,0
1738336176.155860,269088967,7205972855077470208.000000,0
1738336176.255850,269088967,7205972855077470208.000000,0
1738336176.355850,269088967,7205973954589097984.000000,0
1738336176.455850,269088967,7205973954589097984.000000,0
1738336176.555840,269088967,7205973954589097984.000000,0
1738336176.655840,269088967,7205972855077470208.000000,0
1738336176.755850,269088967,7205972855077470208.000000,0
1738336176.855840,269088967,7205972855077470208.000000,0
1738336176.955840,269088967,7205972855077470208.000000,0
1738336177.055840,269088967,7205972855077470208.000000,0
1738336177.155840,269088967,7205972855077470208.000000,0
1738336177.255830,269088967,7205972855077470208.000000,0
1738336177.355830,269088967,7205972855077470208.000000,0
1738336177.455830,269088967,7205972855077470208.000000,0
1738336177.555830,269088967,7205972855077470208.000000,0
1738336177.655830,269088967,7205972855077470208.000000,0
1738336177.755820,269088967,7205973954589097984.000000,0
1738336177.855820,269088967,7205972855077470208.000000,0
1738336177.955820,269088967,7205972855077470208.000000,0
1738336178.055810,269088967,7205972855077470208.000000,0
1738336178.155810,269088967,7205972855077470208.000000,0
1738336178.255810,269088967,7205973954589097984.000000,0
1738336178.355810,269088967,7205973954589097984.000000,0
1738336178.455800,269088967,7205973954589097984.000000,0
1738336178.555800,269088967,7205973954589097984.000000,0
1738336178.655800,269088967,7205973954589097984.000000,0
1738336178.755800,269088967,7205973954589097984.000000,0
1738336178.855800,269088967,7205973954589097984.000000,0
1738336178.955800,269088967,7205973954589097984.000000,0
1738336179.055800,269088967,7205972855077470208.000000,0
1738336179.155790,269088967,7205973954589097984.000000,0
1738336179.255790,269088967,7205973954589097984.000000,0
1738336179.355780,269088967,7205973954589097984.000000,0
1738336179.455780,269088967,7205973954589097984.000000,0
1738336179.555790,269088967,7205972855077470208.000000,0
1738336179.655790,269088967,7205972855077470208.000000,0
1738336179.755780,269088967,7205972855077470208.000000,0
1738336179.855780,269088967,7205973954589097984.000000,0
1738336179.955770,269088967,7205973954589097984.000000,0
1738336180.055770,269088967,7205973954589097984.000000,0
1738336180.155770,269088967,7205973954589097984.000000,0
1738336180.255770,269088967,7205973954589097984.000000,0
1738336180.355770,269088967,7205973954589097984.000000,0
1738336180.455770,269088967,7205972855077470208.000000,0
1738336180.555760,269088967,7205973954589097984.000000,0
1738336180.655760,269088967,7205972855077470208.000000,0
1738336180.755760,269088967,7205972855077470208.000000,0
1738336180.855750,269088967,7205973954589097984.000000,0
1738336180.955760,269088967,7205973954589097984.000000,0
1738336181.055750,269088967,7205972855077470208.000000,0
1738336181.155750,269088967,7205973954589097984.000000,0
1738336181.255740,269088967,7205973954589097984.000000,0
1738336181.355740,269088967,7205972855077470208.000000,0
1738336181.455740,269088967,7205972855077470208.000000,0
1738336181.555740,269088967,7205972855077470208.000000,0
1738336181.655740,269088967,7205972855077470208.000000,0
1738336181.755740,269088967,7205973954589097984.000000,0
1738336181.855740,269088967,7205973954589097984.000000,0
1738336181.955730,269088967,7205973954589097984.000000,0
1738336182.055730,269088967,7205973954589097984.000000,0
1738336182.155730,269088967,7205973954589097984.000000,0
1738336182.255730,269088967,7205973954589097984.000000,0
1738336182.355730,269088967,7205972855077470208.000000,0
1738336182.455730,269088967,7205972855077470208.000000,0
1738336182.555720,269088967,7205972855077470208.000000,0
1738336182.655720,269088967,7205972855077470208.000000,0
1738336182.755710,269088967,7205973954589097984.000000,0
1738336182.855710,269088967,7205972855077470208.000000,0
1738336182.955710,269088967,7205972855077470208.000000,0
1738336183.055710,269088967,7205972855077470208.000000,0
1738336183.155710,269088967,7205972855077470208.000000,0
1738336183.255710,269088967,7205972855077470208.000000,0
1738336183.355700,269088967,7205973954589097984.000000,0
1738336183.455700,269088967,7205973954589097984.000000,0
1738336183.555690,269088967,7205973954589097984.000000,0
1738336183.655690,269088967,7205973954589097984.000000,0
1738336183.755700,269088967,7205973954589097984.000000,0
1738336183.855700,269088967,7205972855077470208.000000,0
1738336183.955690,269088967,7205972855077470208.000000,0
1738336184.055690,269088967,7205972855077470208.000000,0
1738336184.155680,269088967,7205973954589097984.000000,0
1738336184.255680,269088967,7205973954589097984.000000,0
1738336184.355680,269088967,7205973954589097984.000000,0
1738336184.455680,269088967,7205972855077470208.000000,0
1738336184.555680,269088967,7205973954589097984.000000,0
1738336184.655680,269088967,7205973954589097984.000000,0
1738336184.755670,269088967,7205973954589097984.000000,0
1738336184.855670,269088967,7205973954589097984.000000,0
1738336184.955670,269088967,7205973954589097984.000000,0
1738336185.055670,269088967,7205972855077470208.000000,0
1738336185.155670,269088967,7205972855077470208.000000,0
1738336185.255660,269088967,7205973954589097984.000000,0
1738336185.355660,269088967,7205973954589097984.000000,0
1738336185.455660,269088967,7205973954589097984.000000,0
1738336185.555650,269088967,7205973954589097984.000000,0
1738336185.655650,269088967,7205973954589097984.000000,0
1738336185.755660,269088967,7205973954589097984.000000,0
1738336185.855660,269088967,7205973954589097984.000000,0
1738336185.955650,269088967,7205973954589097984.000000,0
1738336186.055640,269088967,7205973954589097984.000000,0
1738336186.155640,269088967,7205973954589097984.000000,0
1738336186.255640,269088967,7205973954589097984.000000,0
1738336186.355630,269088967,7205973954589097984.000000,0
1738336186.455640,269088967,7205973954589097984.000000,0
1738336186.555640,269088967,7205973954589097984.000000,0
1738336186.655630,269088967,7205973954589097984.000000,0
1738336186.755630,269088967,7205973954589097984.000000,0
1738336186.855630,269088967,7205973954589097984.000000,0
1738336186.955630,269088967,7205972855077470208.000000,0
1738336187.055630,269088967,7205972855077470208.000000,0
1738336187.155630,269088967,7205972855077470208.000000,0
1738336187.255620,269088967,7205972855077470208.000000,0
1738336187.355620,269088967,7205973954589097984.000000,0
1738336187.455620,269088967,7205973954589097984.000000,0
1738336187.555610,269088967,7205972855077470208.000000,0
1738336187.655610,269088967,7205973954589097984.000000,0
1738336187.755610,269088967,7205973954589097984.000000,0
1738336187.855610,269088967,7205973954589097984.000000,0
1738336187.955610,269088967,7205973954589097984.000000,0
1738336188.055600,269088967,7205973954589097984.000000,0
1738336188.155600,269088967,7205973954589097984.000000,0
1738336188.255600,269088967,7205973954589097984.000000,0
1738336188.355600,269088967,7205972855077470208.000000,0
1738336188.455590,269088967,7205973954589097984.000000,0
1738336188.555590,269088967,7205973954589097984.000000,0
1738336188.655590,269088967,7205973954589097984.000000,0
1738336188.755590,269088967,7205973954589097984.000000,0
1738336188.855590,269088967,7205973954589097984.000000,0
1738336188.955580,269088967,7205973954589097984.000000,0
1738336189.055580,269088967,7205972855077470208.000000,0
1738336189.155590,269088967,7205972855077470208.000000,0
1738336189.255580,269088967,7205972855077470208.000000,0
1738336189.355580,269088967,7205972855077470208.000000,0
1738336189.455570,269088967,7205973954589097984.000000,0
1738336189.555570,269088967,7205973954589097984.000000,0
1738336189.655570,269088967,7205972855077470208.000000,0
1738336189.755570,269088967,7205972855077470208.000000,0
1738336189.855570,269088967,7205972855077470208.000000,0
1738336189.955570,269088967,7205973954589097984.000000,0
1738336190.055560,269088967,7205972855077470208.000000,0
1738336190.155560,269088967,7205972855077470208.000000,0
1738336190.255560,269088967,7205973954589097984.000000,0
1738336190.355550,269088967,7205972855077470208.000000,0
1738336190.455550,269088967,7205972855077470208.000000,0
1738336190.555560,269088967,7205973954589097984.000000,0
1738336190.655550,269088967,7205973954589097984.000000,0
1738336190.755550,269088967,7205972855077470208.000000,0
1738336190.855550,269088967,7205973954589097984.000000,0
1738336190.955550,269088967,7205972855077470208.000000,0
1738336191.055540,269088967,7205972855077470208.000000,0
1738336191.155540,269088967,7205972855077470208.000000,0
1738336191.255540,269088967,7205972855077470208.000000,0
1738336191.355540,269088967,7205972855077470208.000000,0
1738336191.455540,269088967,7205972855077470208.000000,0
1738336191.555530,269088967,7205973954589097984.000000,0
1738336191.655530,269088967,7205973954589097984.000000,0
1738336191.755530,269088967,7205973954589097984.000000,0
1738336191.855520,269088967,7205973954589097984.000000,0
1738336191.955520,269088967,7205973954589097984.000000,0
1738336192.055520,269088967,7205973954589097984.000000,0
1738336192.155520,269088967,7205973954589097984.000000,0
1738336192.255510,269088967,7205973954589097984.000000,0
1738336192.355510,269088967,7205973954589097984.000000,0
1738336192.455510,269088967,7205973954589097984.000000,0
1738336192.555500,269088967,7205973954589097984.000000,0
1738336192.655510,269088967,7205973954589097984.000000,0
1738336192.755510,269088967,7205972855077470208.000000,0
1738336192.855500,269088967,7205972855077470208.000000,0
1738336192.955500,269088967,7205972855077470208.000000,0
1738336193.055500,269088967,7205973954589097984.000000,0
1738336193.155490,269088967,7205973954589097984.000000,0
1738336193.255490,269088967,7205973954589097984.000000,0
1738336193.355490,269088967,7205973954589097984.000000,0
1738336193.455490,269088967,7205973954589097984.000000,0
1738336193.555490,269088967,7205973954589097984.000000,0
1738336193.655490,269088967,7205972855077470208.000000,0
1738336193.755480,269088967,7205973954589097984.000000,0
1738336193.855480,269088967,7205973954589097984.000000,0
1738336193.955480,269088967,7205972855077470208.000000,0
1738336194.055480,269088967,7205972855077470208.000000,0
1738336194.155480,269088967,7205972855077470208.000000,0
1738336194.255480,269088967,7205972855077470208.000000,0
1738336194.355470,269088967,7205972855077470208.000000,0
1738336194.455470,269088967,7205972855077470208.000000,0
1738336194.555470,269088967,7205972855077470208.000000,0
1738336194.655460,269088967,7205972855077470208.000000,0
1738336194.755470,269088967,7205972855077470208.000000,0
1738336194.855470,269088967,7205972855077470208.000000,0
1738336194.955460,269088967,7205972855077470208.000000,0
1738336195.055460,269088967,7205972855077470208.000000,0
1738336195.155450,269088967,7205972855077470208.000000,0
1738336195.255450,269088967,7205972855077470208.000000,0
1738336195.355450,269088967,7205972855077470208.000000,0
1738336195.455450,269088967,7205973954589097984.000000,0
1738336195.555450,269088967,7205972855077470208.000000,0
1738336195.655450,269088967,7205972855077470208.000000,0
1738336195.755440,269088967,7205973954589097984.000000,0
1738336195.855440,269088967,7205973954589097984.000000,0
1738336195.955440,269088967,7205973954589097984.000000,0
1738336196.055440,269088967,7205973954589097984.000000,0
1738336196.155440,269088967,7205972855077470208.000000,0
1738336196.255440,269088967,7205972855077470208.000000,0
1738336196.355430,269088967,7205972855077470208.000000,0
1738336196.455430,269088967,7205972855077470208.000000,0
1738336196.555430,269088967,7205972855077470208.000000,0
1738336196.655420,269088967,7205972855077470208.000000,0
1738336196.755420,269088967,7205972855077470208.000000,0
1738336196.855420,269088967,7205972855077470208.000000,0
1738336196.955420,269088967,7205972855077470208.000000,0
1738336197.055420,269088967,7205972855077470208.000000,0
1738336197.155410,269088967,7205972855077470208.000000,0
1738336197.255410,269088967,7205972855077470208.000000,0
1738336197.355410,269088967,7205972855077470208.000000,0
1738336197.455410,269088967,7205973954589097984.000000,0
1738336197.555410,269088967,7205973954589097984.000000,0
1738336197.655400,269088967,7205973954589097984.000000,0
1738336197.755400,269088967,7205973954589097984.000000,0
1738336197.855400,269088967,7205973954589097984.000000,0
1738336197.955390,269088967,7205973954589097984.000000,0
1738336198.055390,269088967,7205973954589097984.000000,0
1738336198.155390,269088967,7205973954589097984.000000,0
1738336198.255390,269088967,7205973954589097984.000000,0
1738336198.355390,269088967,7205973954589097984.000000,0
1738336198.455390,269088967,7205973954589097984.000000,0
1738336198.555380,269088967,7205973954589097984.000000,0
1738336198.655380,269088967,7205973954589097984.000000,0
1738336198.755380,269088967,7205972855077470208.000000,0
1738336198.855380,269088967,7205972855077470208.000000,0
1738336198.955380,269088967,7205973954589097984.000000,0
1738336199.055380,269088967,7205972855077470208.000000,0
1738336199.155370,269088967,7205973954589097984.000000,0
1738336199.255370,269088967,7205972855077470208.000000,0
1738336199.355370,269088967,7205973954589097984.000000,0
1738336199.455360,269088967,7205972855077470208.000000,0
1738336199.555360,269088967,7205973954589097984.000000,0
1738336199.655360,269088967,7205972855077470208.000000,0
1738336199.755360,269088967,7205972855077470208.000000,0
1738336199.855350,269088967,7205973954589097984.000000,0
1738336199.955350,269088967,7205972855077470208.000000,0
1738336200.055350,269088967,7205972855077470208.000000,0
1738336200.155350,269088967,7205973954589097984.000000,0
1738336200.255340,269088967,7205972855077470208.000000,0
1738336200.355350,269088967,7205972855077470208.000000,0
1738336200.455350,269088967,7205973954589097984.000000,0
1738336200.555340,269088967,7205972855077470208.000000,0
1738336200.655340,269088967,7205973954589097984.000000,0
1738336200.755340,269088967,7205973954589097984.000000,0
1738336200.855330,269088967,7205973954589097984.000000,0
1738336200.955330,269088967,7205973954589097984.000000,0
1738336201.055330,269088967,7205973954589097984.000000,0
1738336201.155330,269088967,7205972855077470208.000000,0
1738336201.255330,269088967,7205972855077470208.000000,0
1738336201.355330,269088967,7205972855077470208.000000,0
1738336201.455320,269088967,7205972855077470208.000000,0
1738336201.555320,269088967,7205972855077470208.000000,0
1738336201.655320,269088967,7205972855077470208.000000,0
1738336201.755320,269088967,7205972855077470208.000000,0
1738336201.855320,269088967,7205972855077470208.000000,0
1738336201.955310,269088967,7205973954589097984.000000,0
1738336202.055310,269088967,7205972855077470208.000000,0
1738336202.155310,269088967,7205972855077470208.000000,0
1738336202.255300,269088967,7205973954589097984.000000,0
1738336202.355310,269088967,7205973954589097984.000000,0
1738336202.455310,269088967,7205972855077470208.000000,0
1738336202.555300,269088967,7205972855077470208.000000,0
1738336202.655300,269088967,7205973954589097984.000000,0
1738336202.755290,269088967,7205972855077470208.000000,0
1738336202.855290,269088967,7205973954589097984.000000,0
1738336202.955290,269088967,7205973954589097984.000000,0
1738336203.055290,269088967,7205973954589097984.000000,0
1738336203.155290,269088967,7205973954589097984.000000,0
1738336203.255290,269088967,7205973954589097984.000000,0
1738336203.355280,269088967,7205973954589097984.000000,0
1738336203.455280,269088967,7205972855077470208.000000,0
1738336203.555280,269088967,7205972855077470208.000000,0
1738336203.655270,269088967,7205973954589097984.000000,0
1738336203.755270,269088967,7205973954589097984.000000,0
1738336203.855270,269088967,7205972855077470208.000000,0
1738336203.955270,269088967,7205972855077470208.000000,0
1738336204.055270,269088967,7205972855077470208.000000,0
1738336204.155260,269088967,7205972855077470208.000000,0
1738336204.255260,269088967,7205972855077470208.000000,0
1738336204.355260,269088967,7205972855077470208.000000,0
1738336204.455270,269088967,7205972855077470208.000000,0
1738336204.555260,269088967,7205972855077470208.000000,0
1738336204.655260,269088967,7205973954589097984.000000,0
1738336204.755250,269088967,7205973954589097984.000000,0
1738336204.855250,269088967,7205973954589097984.000000,0
1738336204.955250,269088967,7205973954589097984.000000,0
1738336205.055240,269088967,7205973954589097984.000000,0
1738336205.155250,269088967,7205973954589097984.000000,0
1738336205.255250,269088967,7205973954589097984.000000,0
1738336205.355240,269088967,7205973954589097984.000000,0
1738336205.455240,269088967,7205973954589097984.000000,0
1738336205.555240,269088967,7205973954589097984.000000,0
1738336205.655230,269088967,7205973954589097984.000000,0
1738336205.755230,269088967,7205972855077470208.000000,0
1738336205.855230,269088967,7205972855077470208.000000,0
1738336205.955230,269088967,7205972855077470208.000000,0
1738336206.055230,269088967,7205972855077470208.000000,0
1738336206.155220,269088967,7205972855077470208.000000,0
1738336206.255220,269088967,7205972855077470208.000000,0
1738336206.355220,269088967,7205972855077470208.000000,0
1738336206.455220,269088967,7205972855077470208.000000,0
1738336206.555220,269088967,7205973954589097984.000000,0
1738336206.655220,269088967,7205972855077470208.000000,0
1738336206.755210,269088967,7205972855077470208.000000,0
1738336206.855210,269088967,7205972855077470208.000000,0
1738336206.955210,269088967,7205972855077470208.000000,0
1738336207.055200,269088967,7205972855077470208.000000,0
1738336207.155200,269088967,7205972855077470208.000000,0
1738336207.255200,269088967,7205972855077470208.000000,0
1738336207.355200,269088967,7205972855077470208.000000,0
1738336207.455200,269088967,7205972855077470208.000000,0
1738336207.555190,269088967,7205973954589097984.000000,0
1738336207.655190,269088967,7205972855077470208.000000,0
1738336207.755180,269088967,7205973954589097984.000000,0
1738336207.855190,269088967,7205973954589097984.000000,0
1738336207.955190,269088967,7205973954589097984.000000,0
1738336208.055180,269088967,7205973954589097984.000000,0
1738336208.155190,269088967,7205972855077470208.000000,0
1738336208.255180,269088967,7205972855077470208.000000,0
1738336208.355180,269088967,7205972855077470208.000000,0
1738336208.455170,269088967,7205973954589097984.000000,0
1738336208.555170,269088967,7205973954589097984.000000,0
1738336208.655170,269088967,7205973954589097984.000000,0
1738336208.755170,269088967,7205973954589097984.000000,0
1738336208.855170,269088967,7205972855077470208.000000,0
1738336208.955160,269088967,7205973954589097984.000000,0
1738336209.055160,269088967,7205973954589097984.000000,0
1738336209.155160,269088967,7205973954589097984.000000,0
1738336209.255160,269088967,7205973954589097984.000000,0
1738336209.355160,269088967,7205973954589097984.000000,0
1738336209.455160,269088967,7205973954589097984.000000,0
1738336209.555150,269088967,7205973954589097984.000000,0
1738336209.655150,269088967,7205973954589097984.000000,0
1738336209.755140,269088967,7205973954589097984.000000,0
1738336209.855140,269088967,7205973954589097984.000000,0
1738336209.955150,269088967,7205972855077470208.000000,0
1738336210.055150,269088967,7205972855077470208.000000,0
1738336210.155140,269088967,7205972855077470208.000000,0
1738336210.255140,269088967,7205972855077470208.000000,0
1738336210.355140,269088967,7205972855077470208.000000,0
1738336210.455130,269088967,7205972855077470208.000000,0
1738336210.555130,269088967,7205973954589097984.000000,0
1738336210.655130,269088967,7205972855077470208.000000,0
1738336210.755130,269088967,7205973954589097984.000000,0
1738336210.855130,269088967,7205972855077470208.000000,0
1738336210.955120,269088967,7205973954589097984.000000,0
1738336211.055120,269088967,7205973954589097984.000000,0
1738336211.155120,269088967,7205973954589097984.000000,0
1738336211.255110,269088967,7205972855077470208.000000,0
1738336211.355120,269088967,7205972855077470208.000000,0
1738336211.455110,269088967,7205973954589097984.000000,0
1738336211.555110,269088967,7205973954589097984.000000,0
1738336211.655110,269088967,7205972855077470208.000000,0
1738336211.755100,269088967,7205972855077470208.000000,0
1738336211.855100,269088967,7205973954589097984.000000,0
1738336211.955100,269088967,7205973954589097984.000000,0
1738336212.055090,269088967,7205972855077470208.000000,0
1738336212.155100,269088967,7205973954589097984.000000,0
1738336212.255100,269088967,7205972855077470208.000000,0
1738336212.355090,269088967,7205973954589097984.000000,0
1738336212.455090,269088967,7205972855077470208.000000,0
1738336212.555090,269088967,7205973954589097984.000000,0
1738336212.655090,269088967,7205972855077470208.000000,0
1738336212.755090,269088967,7205973954589097984.000000,0
1738336212.855090,269088967,7205972855077470208.000000,0
1738336212.955080,269088967,7205972855077470208.000000,0
1738336213.055080,269088967,7205973954589097984.000000,0
1738336213.155080,269088967,7205973954589097984.000000,0
1738336213.255070,269088967,7205972855077470208.000000,0
1738336213.355070,269088967,7205972855077470208.000000,0
1738336213.455070,269088967,7205972855077470208.000000,0
1738336213.555070,269088967,7205973954589097984.000000,0
1738336213.655070,269088967,7205973954589097984.000000,0
1738336213.755060,269088967,7205972855077470208.000000,0
1738336213.855060,269088967,7205972855077470208.000000,0
1738336213.955060,269088967,7205973954589097984.000000,0
1738336214.055060,269088967,7205973954589097984.000000,0
1738336214.155060,269088967,7205973954589097984.000000,0
1738336214.255060,269088967,7205973954589097984.000000,0
1738336214.355050,269088967,7205973954589097984.000000,0
1738336214.455050,269088967,7205972855077470208.000000,0
1738336214.555050,269088967,7205972855077470208.000000,0
1738336214.655040,269088967,7205972855077470208.000000,0
1738336214.755050,269088967,7205972855077470208.000000,0
1738336214.855050,269088967,7205972855077470208.000000,0
1738336214.955040,269088967,7205972855077470208.000000,0
1738336215.055040,269088967,7205973954589097984.000000,0
1738336215.155030,269088967,7205973954589097984.000000,0
1738336215.255030,269088967,7205973954589097984.000000,0
1738336215.355030,269088967,7205973954589097984.000000,0
1738336215.455030,269088967,7205973954589097984.000000,0
1738336215.555030,269088967,7205973954589097984.000000,0
1738336215.655020,269088967,7205973954589097984.000000,0
1738336215.755020,269088967,7205973954589097984.000000,0
1738336215.855020,269088967,7205973954589097984.000000,0
1738336215.955010,269088967,7205973954589097984.000000,0
1738336216.055010,269088967,7205973954589097984.000000,0
1738336216.155020,269088967,7205973954589097984.000000,0
1738336216.255020,269088967,7205972855077470208.000000,0
1738336216.355010,269088967,7205972855077470208.000000,0
1738336216.455010,269088967,7205973954589097984.000000,0
1738336216.555000,269088967,7205973954589097984.000000,0
1738336216.655000,269088967,7205973954589097984.000000,0
1738336216.755000,269088967,7205973954589097984.000000,0
1738336216.854990,269088967,7205973954589097984.000000,0
1738336216.955000,269088967,7205973954589097984.000000,0
1738336217.055000,269088967,7205973954589097984.000000,0
1738336217.154990,269088967,7205973954589097984.000000,0
1738336217.254990,269088967,7205973954589097984.000000,0
1738336217.354990,269088967,7205973954589097984.000000,0
1738336217.454980,269088967,7205973954589097984.000000,0
1738336217.554990,269088967,7205973954589097984.000000,0
1738336217.654980,269088967,7205973954589097984.000000,0
1738336217.754980,269088967,7205973954589097984.000000,0
1738336217.854980,269088967,7205973954589097984.000000,0
1738336217.954970,269088967,7205973954589097984.000000,0
1738336218.054970,269088967,7205973954589097984.000000,0
1738336218.154970,269088967,7205972855077470208.000000,0
1738336218.254970,269088967,7205972855077470208.000000,0
1738336218.354970,269088967,7205972855077470208.000000,0
1738336218.454970,269088967,7205973954589097984.000000,0
1738336218.554960,269088967,7205973954589097984.000000,0
1738336218.654960,269088967,7205973954589097984.000000,0
1738336218.754950,269088967,7205973954589097984.000000,0
1738336218.854950,269088967,7205972855077470208.000000,0
1738336218.954950,269088967,7205973954589097984.000000,0
1738336219.054960,269088967,7205973954589097984.000000,0
1738336219.154950,269088967,7205973954589097984.000000,0
1738336219.254950,269088967,7205973954589097984.000000,0
1738336219.354950,269088967,7205973954589097984.000000,0
1738336219.454940,269088967,7205973954589097984.000000,0
1738336219.554940,269088967,7205973954589097984.000000,0
1738336219.654940,269088967,7205973954589097984.000000,0
1738336219.754940,269088967,7205973954589097984.000000,0
1738336219.854940,269088967,7205973954589097984.000000,0
1738336219.954930,269088967,7205973954589097984.000000,0
1738336220.054930,269088967,7205973954589097984.000000,0
1738336220.154930,269088967,7205973954589097984.000000,0
1738336220.254930,269088967,7205973954589097984.000000,0
1738336220.354930,269088967,7205973954589097984.000000,0
1738336220.454920,269088967,7205973954589097984.000000,0
1738336220.554920,269088967,7205973954589097984.000000,0
1738336220.654920,269088967,7205973954589097984.000000,0
1738336220.754910,269088967,7205973954589097984.000000,0
1738336220.854910,269088967,7205973954589097984.000000,0
1738336220.954910,269088967,7205973954589097984.000000,0
1738336221.054910,269088967,7205973954589097984.000000,0
1738336221.154910,269088967,7205973954589097984.000000,0
1738336221.254910,269088967,7205973954589097984.000000,0
1738336221.354900,269088967,7205973954589097984.000000,0
1738336221.454900,269088967,7205972855077470208.000000,0
1738336221.554900,269088967,7205973954589097984.000000,0
1738336221.654890,269088967,7205973954589097984.000000,0
1738336221.754900,269088967,7205973954589097984.000000,0
1738336221.854900,269088967,7205972855077470208.000000,0
1738336221.954890,269088967,7205973954589097984.000000,0
1738336222.054890,269088967,7205973954589097984.000000,0
1738336222.154890,269088967,7205973954589097984.000000,0
1738336222.254880,269088967,7205973954589097984.000000,0
1738336222.354880,269088967,7205973954589097984.000000,0
1738336222.454880,269088967,7205973954589097984.000000,0
1738336222.554880,269088967,7205973954589097984.000000,0
1738336222.654880,269088967,7205973954589097984.000000,0
1738336222.754870,269088967,7205973954589097984.000000,0
1738336222.854870,269088967,7205973954589097984.000000,0
1738336222.954870,269088967,7205973954589097984.000000,0
1738336223.054870,269088967,7205973954589097984.000000,0
1738336223.154870,269088967,7205973954589097984.000000,0
1738336223.254870,269088967,7205973954589097984.000000,0
1738336223.354860,269088967,7205973954589097984.000000,0
1738336223.454860,269088967,7205973954589097984.000000,0
1738336223.554850,269088967,7205973954589097984.000000,0
1738336223.654850,269088967,7205973954589097984.000000,0
1738336223.754850,269088967,7205973954589097984.000000,0
1738336223.854860,269088967,7205973954589097984.000000,0
1738336223.954850,269088967,7205973954589097984.000000,0
1738336224.054850,269088967,7205973954589097984.000000,0
1738336224.154850,269088967,7205973954589097984.000000,0
1738336224.254840,269088967,7205973954589097984.000000,0
1738336224.354840,269088967,7205973954589097984.000000,0
1738336224.454840,269088967,7205973954589097984.000000,0
1738336224.554840,269088967,7205973954589097984.000000,0
1738336224.654840,269088967,7205972855077470208.000000,0
1738336224.754830,269088967,7205972855077470208.000000,0
1738336224.854830,269088967,7205973954589097984.000000,0
1738336224.954830,269088967,7205973954589097984.000000,0
1738336225.054820,269088967,7205973954589097984.000000,0
1738336225.154830,269088967,7205973954589097984.000000,0
1738336225.254820,269088967,7205973954589097984.000000,0
1738336225.354820,269088967,7205973954589097984.000000,0
1738336225.454820,269088967,7205973954589097984.000000,0
1738336225.554810,269088967,7205973954589097984.000000,0
1738336225.654810,269088967,7205973954589097984.000000,0
1738336225.754810,269088967,7205973954589097984.000000,0
1738336225.854800,269088967,7205973954589097984.000000,0
1738336225.954810,269088967,7205973954589097984.000000,0
1738336226.054810,269088967,7205973954589097984.000000,0
1738336226.154800,269088967,7205973954589097984.000000,0
1738336226.254800,269088967,7205973954589097984.000000,0
1738336226.354800,269088967,7205973954589097984.000000,0
1738336226.454790,269088967,7205973954589097984.000000,0
1738336226.554800,269088967,7205973954589097984.000000,0
1738336226.654800,269088967,7205973954589097984.000000,0
1738336226.754790,269088967,7205973954589097984.000000,0
1738336226.854790,269088967,7205973954589097984.000000,0
1738336226.954790,269088967,7205973954589097984.000000,0
1738336227.054780,269088967,7205973954589097984.000000,0
1738336227.154780,269088967,7205973954589097984.000000,0
1738336227.254780,269088967,7205972855077470208.000000,0
1738336227.354780,269088967,7205972855077470208.000000,0
1738336227.454780,269088967,7205972855077470208.000000,0
1738336227.554770,269088967,7205972855077470208.000000,0
1738336227.654770,269088967,7205972855077470208.000000,0
1738336227.754770,269088967,7205973954589097984.000000,0
1738336227.854770,269088967,7205972855077470208.000000,0
1738336227.954770,269088967,7205972855077470208.000000,0
1738336228.054770,269088967,7205972855077470208.000000,0
1738336228.154770,269088967,7205972855077470208.000000,0
1738336228.254760,269088967,7205972855077470208.000000,0
1738336228.354760,269088967,7205972855077470208.000000,0
1738336228.454750,269088967,7205972855077470208.000000,0
1738336228.554760,269088967,7205972855077470208.000000,0
1738336228.654760,269088967,7205972855077470208.000000,0
1738336228.754750,269088967,7205972855077470208.000000,0
1738336228.854750,269088967,7205973954589097984.000000,0
1738336228.954750,269088967,7205973954589097984.000000,0
1738336229.054740,269088967,7205973954589097984.000000,0
1738336229.154740,269088967,7205973954589097984.000000,0
1738336229.254740,269088967,7205972855077470208.000000,0
1738336229.354740,269088967,7205972855077470208.000000,0
1738336229.454740,269088967,7205972855077470208.000000,0
1738336229.554730,269088967,7205973954589097984.000000,0
1738336229.654730,269088967,7205972855077470208.000000,0
1738336229.754730,269088967,7205972855077470208.000000,0
1738336229.854720,269088967,7205972855077470208.000000,0
1738336229.954720,269088967,7205972855077470208.000000,0
1738336230.054720,269088967,7205972855077470208.000000,0
1738336230.154720,269088967,7205973954589097984.000000,0
1738336230.254720,269088967,7205973954589097984.000000,0
1738336230.354710,269088967,7205973954589097984.000000,0
1738336230.454710,269088967,7205973954589097984.000000,0
1738336230.554710,269088967,7205973954589097984.000000,0
1738336230.654700,269088967,7205973954589097984.000000,0
1738336230.754700,269088967,7205973954589097984.000000,0
1738336230.854710,269088967,7205972855077470208.000000,0
1738336230.954710,269088967,7205972855077470208.000000,0
1738336231.054700,269088967,7205972855077470208.000000,0
1738336231.154700,269088967,7205973954589097984.000000,0
1738336231.254700,269088967,7205972855077470208.000000,0
1738336231.354700,269088967,7205972855077470208.000000,0
1738336231.454700,269088967,7205973954589097984.000000,0
1738336231.554690,269088967,7205973954589097984.000000,0
1738336231.654690,269088967,7205973954589097984.000000,0
1738336231.754690,269088967,7205973954589097984.000000,0
1738336231.854680,269088967,7205973954589097984.000000,0
1738336231.954680,269088967,7205973954589097984.000000,0
1738336232.054680,269088967,7205973954589097984.000000,0
1738336232.154680,269088967,7205973954589097984.000000,0
1738336232.254680,269088967,7205972855077470208.000000,0
1738336232.354670,269088967,7205972855077470208.000000,0
